1 0.5091755028466166
2 8.210351336703158E-4
3 3.900404353938386E-4
4 2.5352932387416214E-4
5 1.8696116409869915E-4
6 1.476934346464805E-4
7 1.218513209814977E-4
8 1.0358429221956025E-4
9 9.000315535672542E-5
10 7.951893322391578E-5
11 7.118634600978795E-5
12 6.440828940326612E-5
13 5.878928750305255E-5
14 5.40571464545875E-5
15 5.0018468390371656E-5
16 4.6532111535107696E-5
17 4.349268841265541E-5
18 4.081993871730479E-5
19 3.845167547595857E-5
20 3.63389782828297E-5
21 3.4442841273200395E-5
22 3.2731787291211176E-5
23 3.118013851273133E-5
24 2.976674222287495E-5
25 2.8474017988148316E-5
26 2.7287235548332302E-5
27 2.619396083769928E-5
28 2.518362621348867E-5
29 2.4247193602229233E-5
30 2.337688796359412E-5