0.12124831860927535
0.0
0.0
0.0
0.0
0.0
0.0
0.0
0.0
0.0
0.0
0.0
0.0
0.0
0.0
0.0
0.0
0.0
0.0
0.0
-1.0334501676755148
-0.27308360754146765
-0.6375
-0.6016666807775262
-1.3875
-0.7219793793187127
-1.0326924699103153
-0.7776987226361436
-1.7404032864617713
-0.6542922892162704
-0.4942896733442707
-0.5737686373646403
-0.75
0.2498713549676689
-0.75
-0.541875
-0.13286617032811776
-1.0692378717724433
1.4971589501192466
0.0028930507992821486
0.42405418189688926
0.0
0.0
0.25515547111694037
0.0
-0.006816094257135037
-0.05130344689374001
0.021606012687006147
-0.07935743335270223
0.3415874481933922
0.0
0.0
0.0
0.0
0.0
0.0114441609375
0.0
0.07449285144736012
0.0
0.2008268313841524
0.012615364943540526
0.0
0.0
0.0
0.0
0.0770563494173017
-0.05346598363043586
-0.12076263463809594
0.0
0.0
0.0
0.0
0.0
0.11932366682817767
0.0
0.3268461998666156
0.0
0.0
-0.08359395019460672
0.0
0.0
0.0
0.0
0.0
0.0
0.11691442315280694
0.0
0.0
0.028261888397951164
0.0
0.06611214898126529
0.0
0.0
0.0
0.0
0.1566691829727492
0.0
0.0
0.0
-0.06887720291489312
0.0049365722986545995
0.0
0.0
0.0
0.0
0.0352305810153795
0.0
0.0
0.0
0.0
0.032166386614470355
0.0
0.0
0.0
0.0
0.1011541568568248
0.0
0.0
0.0
0.0
0.0
0.0
0.0
0.0
0.0
0.011845280831224603
0.0
0.0
0.0
0.0
0.008467717757275955
0.0
0.0
0.0
0.0
0.02367947499636088
0.0
0.0
0.0
0.0
0.0
0.0
0.0
0.0
0.0
0.0
0.0
0.0
0.0
0.0
0.0
0.0
0.0
0.0
0.0
0.01854640880803233
0.0
0.0
0.0
0.0
0.0
0.0
0.0
0.0
0.0
0.0
0.0
0.0
0.0
0.0
0.0
0.0
0.0
0.0
0.0
0.0034431513805441892
0.0
0.0
0.0
0.0
0.0
0.0
0.0
0.0
0.0
0.0
0.0
0.0
0.0
0.0
0.0
0.0
0.0
0.0
0.0
0.0
0.0
0.0
0.0
0.0
-0.6374992985168084
0.25510065807747434
0.0
0.0
0.0
-0.033821510677487336
-0.5898237686659078
0.039284617721886295
0.0
0.0
0.0
0.0
0.0
0.0
0.0
-0.6375
0.01790064823603063
0.0
0.0
0.0
-1.0635255432821593
-1.0693721106299185
-1.2707236604913734
-0.42238282099603125
-1.079741794235105
-1.1377846144072712
-1.3195173231523076
-1.3079533699459613
-1.1177756872704485
-0.4095770580104148
-1.291875
-0.40210836119381776
-0.7931272341047979
-0.476525031050189
0.43138905202932804
-0.9990133548083845
-0.6012562178332872
-0.6031492176623734
0.8568658383675805
-0.6740434184236977
0.08255943922030189
0.0
0.0
0.0
0.0
0.008099342290945206
0.36399415813760483
0.0
0.0
0.0
0.0
0.0
0.0
-0.07860620819189994
0.0
0.20059634508797836
0.0
0.0
0.06484021352774437
0.0
0.0
0.0
0.0
0.0
0.0
0.21833677659527664
0.0
0.0
0.0
0.016153189107849852
0.0
0.0
0.08247844908100269
0.0
0.0
0.13379702382190556
0.0
0.0
0.0
0.0019434508316102691
9.985658649905346E-4
0.0
0.0
0.0
0.036956226797901816
0.3687975748635137
0.0
0.0
0.0
0.0
0.022342085234955497
0.0
0.0
0.0
0.0
0.0913833518566101
0.0
0.0
0.0
0.0
0.0
0.0
0.0
0.0
0.0
0.13498756458802255
0.0
0.0
0.0
0.0
0.027790627507077517
0.0
0.0
0.0
0.0
0.014699658812568532
0.0
0.0
0.0
0.0
0.012312395859237692
0.0
0.0
0.0
0.0
0.017942318656081445
0.0
0.0
0.0
0.0
0.03411181828438388
0.0
0.0
0.0
0.0
0.0015684890625
0.0
0.0
0.0
0.0
0.0
0.0
0.0
0.0
0.0
0.010865737169299672
0.0
0.0
0.0
0.0
0.0
0.0
0.0
0.0
0.0
0.0
0.0
0.023907274081094297
0.0
0.0
0.0
0.0
0.0
0.0
0.0
0.0
0.0
0.0
0.0
0.0
0.0
0.0
0.0
0.0
0.0
0.0
0.0
0.0
0.0
0.0
0.0
0.0
0.0
0.0
0.0
0.0
0.0
0.0
0.0
0.0
0.0
0.0
0.0
0.0
0.0
0.0
0.0
0.0
0.0
0.0
-0.656896638709576
0.24308309238143808
0.0
0.015065946844985197
0.0
-0.09941707665897585
0.0729967004503635
0.0
0.0
0.0
-0.6156721554442436
0.0
0.0
0.0
0.0
-0.05457469315441021
0.017118098865022923
0.0
0.0
0.0
-0.4153470056438738
-0.2527063611030367
-0.4696999744549801
0.062892589936525
-0.9809036199806198
-1.2561454003830945
-0.8228762554104796
-1.2177675233354597
0.21799071273280896
-0.617868590535412
0.03923080937462669
-0.5560309018994625
0.8641060313238558
-0.0058993181433059415
0.04063352095896079
-0.5179111591629145
-1.2820371736118883
-1.1644757360585596
0.2764303007431406
-1.0688175261091768
-0.75
-0.0017431531425788538
0.15016041785404402
0.0
0.0
-0.031194786137755493
-0.5830368537882253
-0.806061058315788
0.19829592921404068
0.05726406103995834
0.09958407912358477
0.0
0.0
0.0
0.0
0.02935033369027245
-0.024344583214807012
0.0
0.10983392684970515
0.0
0.007351935168872929
0.0
0.0
0.0
0.0
0.0
0.12672692501371824
0.0
0.0
0.0
0.06928576232866526
0.0
0.0
0.0
0.0
-0.0038723919988695637
0.1449363611620889
0.0
0.0033727247777752332
0.0
0.08418182442378419
0.0
0.0
0.0
0.0
0.05426168075990832
0.0
0.0
0.0
0.0
0.020717816186853977
0.0
0.0
0.0
0.0
0.03140349540628518
0.0
0.0
0.0
0.0
0.037486468432651514
0.0
0.0
0.0
0.0
0.05315824357705676
0.0
0.0
0.0
0.0
0.017694662940477442
0.0
0.0
0.0
0.0
0.008267790948881177
0.0
0.0
0.0
0.0
0.0
0.0
0.0
0.0
0.0
0.006026496880153777
0.0
0.0
0.0
0.0
0.019948508868869102
0.0
0.0
0.0
0.0
0.0
0.0
0.0
0.0
0.0
0.0
0.0
0.0
0.0
0.0
0.0
0.0
0.0
0.0
0.0
0.0
0.0
0.0
0.0
0.0
0.0
0.0
0.0
0.0
0.0
0.0
0.0
0.0
0.0
0.0
0.0
0.0
0.0
0.0
0.0
0.0
0.0
0.0
0.0
0.0
0.0
0.0
0.0
0.0
0.0
0.0
0.0
0.0
0.0
0.0
0.0
0.0
0.0
0.0
0.0
0.0
0.0
0.0
0.0
0.0
0.0
0.0
0.0
0.0
0.0
0.0
0.11671767338724146
0.0
0.050075168922227666
0.048709464302090416
-0.05394703939556469
0.012578367733729983
0.0
0.0
0.0
0.043946724656508195
0.0
0.0
0.0
0.0
-0.010150063292982715
-0.5934173631040947
0.0
0.0
0.0
0.31005071854432026
-0.9588852086624652
-0.6090426842029559
-0.9436250405101984
-0.6302005674239242
-0.6540673623374746
-0.9956771902900532
-1.3210126717365407
-0.3675712118511876
-1.2798921505294918
-0.6375
-0.5248652966751479
-0.4917787968634156
0.08159436502572867
0.014591786457445438
-0.9931163006494019
0.04272505375570845
-0.9371874212249385
-0.8586376561644882
-0.830331334380416
-0.06585206578841761
0.17336307147825467
0.0
0.0
0.0
-0.03744725001693769
1.2071429094469472
0.0
0.031038417529323924
0.0
0.13166117949184453
0.0
0.0
0.0
0.0
0.17065220630043118
0.0
0.026968967420249235
-0.043699888209969444
0.0
0.13397828154368271
0.0
0.0
0.0
0.0
0.4553019645955493
0.0
0.0
-0.11416206224112335
0.06713710689413492
0.06624126587320553
0.0
0.0
0.0
0.0
0.043657183933769175
0.0
0.0
0.0
0.0
0.0
0.0
0.0
0.0
0.0
0.09901779084032292
0.003146239937485315
0.0
0.0
0.0
0.06768912169245506
0.0
0.0
0.008928339317147822
0.0
0.023788043372038374
0.0038898701176826437
0.0
0.07152013736614775
0.0
0.02297549242219353
0.0
0.0
0.0
0.0
0.10322384925818082
0.018741327167493934
0.0
0.0
0.0
0.018835298921009755
0.0
0.0
0.0
0.0
0.019115511864725983
0.0
0.0
0.0
0.0
0.010571093769890159
0.0
0.0
0.0
0.0
0.02682364824577865
0.0
0.0
0.0
0.0
0.0
0.0
0.0
0.0
0.0
0.004615229083738157
0.0
0.0
0.0
0.0
0.0062487697975094104
0.0
0.0
0.0
0.0
0.009249582956082872
0.0
0.0
0.0
0.0
0.0
0.0
0.0
0.0
0.0
0.0
0.0
0.0
0.0
0.0
0.0
0.0
0.0
0.0
0.0
0.0
0.0
0.0
0.0
0.0
0.0
0.0
0.0
0.0
0.0
0.0
0.0
0.0
0.0
0.0
0.0
0.0
0.0
0.0
0.0
0.0
0.0
0.0
0.0
0.0
0.0
0.0
0.0
0.0
0.0
0.0
0.0
0.0
0.0
0.0
-0.75
0.09112067093030496
0.0
0.0
-0.16962264000527288
-0.05140277598786082
-0.75
-0.5555478919077986
0.018409187630532262
0.0
-0.6375
0.08405749429573972
0.0
0.0
0.0
-0.5975987672633625
0.03912589485704519
0.0
0.0
0.0
-1.2609643070596235
-1.6599874769767267
-1.6947128458259564
-1.3823918135267064
-0.09060041755297545
-1.1774225226731614
-1.332118029032832
-1.843722668613982
-1.050622713540211
0.05228826001002912
-0.38418253848349215
-0.2426315421218339
-0.75
-0.08637659169985908
0.0
-1.3345390691104426
-1.0409154512770107
-0.8499624283806982
-1.0025418841543716
-1.511799987394241
0.06207617214123738
0.011868358195356893
0.1264803663210683
0.0
0.020949165743286566
-0.06177725934943189
0.0
0.07309015729136231
0.02501721289778448
0.41891511568094686
-0.04084518082653604
0.047172060249669676
0.0
0.0
0.0
0.0015531964885977388
0.0
0.0
0.07965118172835875
0.3104716131599538
0.09771493798307394
0.0
0.0
0.0
0.0
0.14125012761482297
0.0
0.0
0.10555748035746353
0.0
0.009145134818710612
0.0
0.0
0.0
0.0
0.23472629466257758
0.0
-0.08901552087082631
0.0
-0.014982362969916483
0.09301726973792954
0.0
0.0
0.0
0.0
0.11516807557646369
0.0
0.0
0.0
0.0
0.03376559727090186
0.0
0.03556440292659638
0.0
0.02231339022539524
0.14515215204659057
0.0
0.0
0.0
0.0
0.0038192236333902626
0.0
0.0
0.0
0.0
0.06714525887481722
0.0
0.0
0.0
0.0
0.0
0.0
0.0
0.0
0.0
0.008604905146897737
0.0
0.0
0.0
0.0
0.0
0.0
0.0
0.0
0.0
0.006351249255779206
0.0
0.0
0.0
0.0
0.0010272212147256782
0.0
0.0
0.0
0.0
0.02817011321373162
0.03231050051262094
0.0
0.0
0.0
0.011083498373721733
0.0
0.0
0.0
0.0
0.0013296201248477744
0.0
0.0
0.0
0.0
0.0
0.0
0.0
0.0
0.0
0.0023932143293832423
0.0
0.0
0.0
0.0
0.0
0.0
0.0
0.0
0.0
0.0
0.0
0.0
0.0
0.0
0.0
0.0
0.0
0.0
0.0
0.0
0.0
0.0
0.0
0.0
0.0
0.0
0.0
0.0
0.0
0.0
0.0
0.0
0.0
0.0
0.0
0.0
0.0
0.0
0.0
0.0
0.0
0.0
0.0
0.0
-0.75
0.0
0.0
0.0
0.0
-0.04380907800791377
0.17895065202224741
0.0
0.0
0.0
-0.6375
0.015479975073082042
0.0
0.0
0.0
0.0
0.0
0.0
0.0
0.0
-0.5224839013807502
0.16981129505769016
-0.7040888526592006
-0.8171700609580765
-0.631821150623386
-1.2376170400384727
-1.4369226213010977
-1.274636224399434
-1.9136511874107867
-1.8885491083068071
-0.5319415627786848
-0.6356323533664375
0.4121889298971839
0.0
0.0
-0.5583858284498261
-0.4978658763788178
-1.2799096125540919
-0.836671195072011
-0.47500068221509983
-0.5047188893771557
-0.010640204733977456
-0.7070948793558309
0.07033543895020879
0.0
0.03205000661638273
0.012130848260012895
0.0
0.08009602827817465
-0.01671593843878067
0.007060914172901259
0.0
0.0
0.0
0.0
0.17065184160628585
0.0
0.015331022200426639
0.0
0.0
0.030266230939598047
0.0
0.0
0.0
0.0
0.06497168178016592
0.0
-0.08750497387040701
6.229702714574669E-4
0.0
3.4870473720668136E-4
0.0
0.0
0.0
0.0
0.006894573762032511
0.023997947110653416
0.0
0.0
0.0
0.09771359115097003
0.0
0.0
0.0
0.0
0.14305345972642317
0.0
0.0
0.0
0.031405690179610334
0.17952295902908544
0.0
0.0
0.0
0.0
0.034250871126972914
0.0
0.0
0.0
0.0
0.0037272721953415366
0.0
0.0
0.0
0.0
0.0
0.09843608395878264
-0.7312130175383631
0.020186242547720033
0.0
0.05745338891191115
0.0
0.0
0.0
0.0
0.0
0.0
0.0
0.0
0.24713376893053565
0.0
0.0
0.0
0.0
0.0
0.04226762869131759
0.0
0.0
0.0
0.0
0.013645019271045524
0.0
0.0
0.0
0.0
0.00685926706754009
0.0
0.0
0.0
0.0
0.0
0.0
0.0
0.0
0.0
0.0
0.0
0.0
0.0
0.0
1.586101515106137E-4
0.0
0.0
0.0
0.0
0.0
0.0
0.0
0.0
0.0
0.0
0.0
0.0
0.0
0.0
0.004348436440108267
0.0
0.0
0.0
0.0
0.0
0.0
0.0
0.0
0.0
3.215809540025993E-4
0.0
0.0
0.0
0.0
0.0
0.0
0.0
0.0
0.0
0.0
0.0
0.0
0.0
0.0
0.0
0.0
0.0
0.0
0.0
0.0
0.0
0.0
0.0
0.0
0.005984147300727765
0.0
0.002529846648130668
0.0
0.0
0.7210206618222124
0.026682076000165145
0.0
0.0
0.0
0.5934701575587511
0.0
0.0
0.0
0.0
0.0
0.0
0.0
0.0
0.0
0.7397100121300685
-0.35216186073751055
-0.7399156045849651
-0.5090314335546627
-0.7484315109375
-1.1785307869717068
0.03435671310044795
-0.8562042322823517
0.20626860906520506
-1.9009742828240024
-0.4990606059324957
-0.6375
-0.7579209812262633
0.8362885323759981
-1.323709368671835
0.2332845704352211
-0.29519128049646937
-1.1382935813660102
-0.247023030478349
-0.6338257149475677
0.5977907361250754
0.0
0.0
-0.03728235876182256
0.0
0.13018149621798697
0.0
0.012445998092097057
0.0
0.01987972464516042
0.05679499536917758
0.0
0.0
0.0
0.0
0.0
0.5573728158521682
-0.06634439391682291
0.0
0.0
0.053302175374361556
0.0
0.0
0.0
0.0
0.0
0.0
0.0
0.39248240367289366
0.0
-0.018566436978932902
0.15811474093441055
0.0
0.0
0.0
0.2939971623184333
0.0
0.0
0.0
0.0
0.007487777240097386
0.0
0.0
0.0
0.0
0.012863839893004983
0.0
0.0
0.0
0.0
0.06225196682007633
0.0
0.0
0.0
0.0
0.20886432072251757
0.0
0.0
0.0
0.0
0.027448062489548578
0.0
0.0
0.0
0.0
0.020644234861434622
0.0
0.0
0.0
0.0
0.13410904430457843
0.0
0.0
0.0
0.0
0.1416554775710121
0.0
0.0
0.0
0.0
0.002835057735419886
0.0
0.0
0.0
0.0
0.0
0.0
0.0
0.0
0.0
0.049622436434936475
0.0
0.0
0.0
0.0
0.0
0.0
0.05457446471449976
0.0
0.0
0.0
0.0
0.0
0.0
0.0
0.010559680032688718
0.0
0.0
0.0
0.0
0.0
0.0
0.0
0.0
0.0
0.0
0.0
0.0
0.0
0.0
0.0
0.0
0.0
0.0
0.0
0.0
0.0
0.0
0.0
0.0
0.0
0.0
0.0
0.0
0.0
0.0
0.0
0.0
0.0
0.0
0.0
0.0
0.0
0.0
0.0
0.0
0.0
0.0
0.0
0.0
0.0
0.0
0.0
0.0
0.0
0.0
0.0
0.0
0.0
0.0
-0.24232925022627771
0.7247820293991536
0.0
0.0
0.07525722270300624
-0.014477143699266226
0.08758923805796266
0.0
-0.6188720343235773
0.0
-0.37114820690267386
0.1415657080690382
0.0
0.0
0.0
0.7886484856638325
0.0
-0.04549584895077667
0.0
0.0
-0.4795329342469195
-0.012660746043404537
0.9457870766479538
-0.6261904899164957
-0.29233570143182597
-0.9107782001887931
-0.411045067233228
-0.7150807874588332
0.20122519656336146
-1.6038966153454606
-0.6263828754678636
-0.3019326783410544
-0.23311085597276615
0.0
-0.16731813947373747
0.24466661360601633
-0.3166922766734497
0.04764211139160181
0.005443659409419799
-0.11202045477443368
0.010372398400726086
0.0
0.0
0.36640395201349296
0.0
0.3512273658379305
0.002508450173627267
0.07791018776715411
0.0
0.0
0.2156731849589207
0.0
0.0
0.0
0.0
0.37416850693107445
0.0
0.0
0.0
6.694998291025008E-4
0.00669794706340088
0.0
0.0
0.0
-0.004870963609211923
0.1862000722455773
0.0
0.0
0.0
0.0
0.4064509166295275
0.0
0.0
0.0
0.0
0.3451252236212138
0.028796807306555875
0.0
0.0
0.0
0.055123926883778644
0.0
0.02320865763809501
0.0
0.0
0.09835237610728295
0.0
0.0
0.0
0.0
0.12680244272956417
0.0
0.0
0.0
0.0
0.1306810000656371
0.0
0.0
0.0
0.0
0.049282792877786794
0.0
0.0
0.0
0.0
0.05080797644331425
0.0
0.0
0.0
0.0
0.3757406221765641
0.0
0.0
0.0
0.0
0.010888455029210944
0.0
0.0
0.0
0.0
0.0
0.0
0.0
0.0
0.0
0.0
0.0
0.07077761816218109
0.0
0.0
0.05831798261225359
0.0
0.0
0.0
0.0
0.014251561992750619
0.0
0.0
0.0
0.0
0.0
0.0
0.0
0.0
0.0
0.0
0.0
0.0
0.0
0.0
0.0
0.0
0.0
0.0
0.0
0.0
0.0
0.0
0.0
0.0
0.0
0.0
0.0
0.0
0.0
0.0
0.0
0.0
0.0
0.0
0.0
0.0
0.0
0.0
0.0
0.0
0.0
0.0
0.0
0.0
0.0
0.0
0.0
0.0
0.0
0.0
0.0
0.0
0.0
0.0
0.0
0.0
0.0
0.0
0.0
0.0
0.0
0.0
0.0
0.0
-0.03751563889138354
-0.03142188850998823
-0.7375269785933681
0.0
0.4040364969813238
-0.061699994758117785
-0.26829701882500323
-1.0935256207953281
0.23790082906040297
-0.18636848067406775
0.4084173126891019
0.0
0.0
0.04311112289861969
0.0
0.3136286888986252
0.06460566585162347
0.0
0.0
0.0
-0.4242781663895641
0.6524128793305566
0.0
0.0
0.03384960281334611
1.0938398383750356
0.06947261134298438
-0.3314475392636446
-0.6373960650556074
-0.4014544209269011
0.1996736148736202
0.0
-0.7198668371808904
0.421160285105748
0.0
0.7941059604679617
-0.5137616594169788
-0.3607926041021065
-0.4635260593800561
0.1109982523558327
0.2959874499914689
0.0
0.0
0.005981596717380902
0.05880157418223414
0.3136946187129167
0.0
0.08661861181335637
-0.05677276682699619
0.0
0.15998182690467005
0.0
0.0
0.0
0.0
0.29299711243675425
0.0
0.01845469743911983
0.0
0.0
0.21856682456843624
0.0
0.0
0.0
0.0
0.0539041787638539
0.0
0.0
0.26923171006512897
0.0
0.12784279902009704
0.0
0.0
0.0
0.0
0.05849735540900544
0.0
0.0
0.0
0.0
0.18562722744304735
1.3480639177372217E-4
0.0
0.0
0.0
0.002232687479969954
0.0
0.0
0.0
0.0
0.04302625384443594
0.0
0.0
0.0
0.0
0.06525984823444207
0.0
0.0
0.0
0.0
0.052503327419479
0.0
0.0
0.0
0.0
0.013908863427529719
0.0
0.0
0.0
0.0
0.04297299845134387
0.0
0.0
0.0
0.0
0.017210674844212532
0.0643819228712029
0.0
0.025985826343555916
0.0
0.023133147624053288
1.227011866180457E-4
0.0
0.0
0.0
3.271461343356745E-4
0.0
0.0
0.0
0.0
0.0
0.0
0.0
0.0
0.0
0.0
0.0
0.0
0.0
0.0
0.0
0.0
0.0
0.0
0.0
0.0
0.0
0.0
0.0
0.0
0.0
0.0
0.0
0.0
0.0
0.0
0.0
0.0
0.0
0.0
0.0
0.0
0.0
0.0
0.0
0.0
0.0
0.0
0.0
0.0
0.0
0.0
0.0
0.0
0.0
0.0
0.0
0.0
0.0
0.0
0.0
0.0
0.0
0.0
0.0
0.0
0.0
0.0
0.0
0.0
0.0
0.0
0.0
0.0
0.0
0.0
0.0
0.0
0.0
0.0
-0.2703728705524112
0.1866959233524874
-0.05607154929374447
0.0
0.0
-0.07056436133210786
-0.6971535413520662
-0.03086273368520951
0.12376046791716713
-0.5673900986344378
-0.013075927302731752
0.21216113609431703
0.0
0.0
0.0
-0.003038739783830676
-0.5701232169781618
-0.7449959191653116
0.0
0.0
-0.6501293912756092
-0.5196493364971159
0.02984531237419545
-0.75
-0.745859406553523
0.0617364162964959
0.18478125735494177
0.09815601563288501
0.0204366358058731
-0.24895358727925557
-0.3801031831296099
-0.5102862804427063
-0.1079810583884643
0.37651080280478044
-0.6140313450749095
-0.3573690837489603
-0.029296180125403026
-0.24759188150705722
0.22286886196559835
-0.1430048355307864
0.16132006135980573
0.0
0.0
0.0
0.0
0.21951877446128162
0.0
0.0
0.0
0.06580516933527145
0.2906028365389521
0.0
0.0
0.0
0.0
0.004718452667087633
0.0
0.0
0.0
0.7022318495906998
0.24196473191698512
0.0
0.09011322733038042
0.0
0.0
0.04230742297563306
0.0
0.0
0.0
0.0
0.24803923949137788
0.0
0.0
0.0
6.250768192313756E-4
0.12957582185489458
0.0
0.0
0.0
0.0
0.15037286784067755
0.0
0.0
0.0
0.0
0.0413258922463103
0.0
0.0
0.0
0.0
0.052020107382958466
0.0
0.08796409194280984
2.3383360805190987E-4
0.0
0.04508902226534355
0.0
0.0
0.0
0.0
0.06264546831774996
0.0
0.0
0.0
0.0
0.02832630150115581
0.0
0.0
0.0
0.0
0.04076369737395075
0.0
0.0
0.0
0.0
4.5154230325489026E-4
0.0951795861187394
0.0
0.0
0.0
0.03304321103305653
0.0
0.0
0.0
0.0
0.0
0.0
0.0
0.0
0.0
0.0
0.0
0.0
0.0
0.0
0.0
0.0
0.0
0.0
0.0
0.0
0.0
0.0
0.0
0.0
0.0
0.0
0.0
0.0
0.0
0.0
0.0
0.0
0.0
0.0
0.0
0.0
0.0
0.0
0.0
0.0
0.0
0.0
0.0
0.0
0.0
0.0
0.0
0.0
0.0
0.0
0.0
0.0
0.0
0.0
0.0
0.0
0.0
0.0
0.0
0.0
0.0
0.0
0.0
0.0
0.0
0.0
0.0
0.0
0.0
0.0
0.0
0.0
0.0
0.0
0.0
0.0
0.0
0.0
0.0
-0.4846348985410328
-0.6218750290477533
-0.31143142065499624
-0.03144640255752743
0.08533986518185133
-0.03348312914838119
-0.278010845818405
-0.15814938459508882
-0.6098771849895779
-0.6781075696463635
-0.75
0.06944786722611354
0.0
0.0
0.0
0.5942850675086834
-0.75
0.0
0.0
0.0
-0.30794203067602083
0.9595125672471347
0.01039265263502042
-0.7057957068830715
0.17131976780217315
-0.23203098421596893
-0.5620850702365472
-0.13038753789727955
0.6133119831627438
-0.11654147126750013
-1.29092114320644
-0.75
-0.988589163685172
-0.356301522417677
-0.12793703922465555
-0.4369363701965357
-0.75
-0.7616714904761381
-0.7293666105202493
-0.800699837109375
0.3596548841192716
0.0
0.569948628762176
0.0
0.0
0.8383361414594561
0.0
0.0
0.0
0.06851201238437922
-0.04649876575011478
0.016051775519505415
0.0
0.0
0.0
0.13704600695877708
0.0
0.057200589545893174
0.0
0.0191622962270831
0.25238530063348785
0.0
0.051295544248688804
0.0
0.0
0.1430179031879664
0.0
0.0
0.03020376439741252
0.0
0.14026303403731916
0.0
0.0
0.0
0.0
0.20252431942926147
0.0
0.0
0.0
0.0
0.009038316041683633
0.0
0.0
0.0
0.0
0.053761970536039
0.0
0.0
0.0
0.0
0.10564698909527473
0.0022709638512885544
0.0
0.0
0.0
0.04891885028529577
0.004853457539032125
0.0
0.0
0.024941182068875866
0.1131608452869573
0.0
0.0
0.0
0.0
0.0639570660703822
0.0
0.0
0.0
0.0
0.004916941285213232
0.0
0.0
0.0
0.01386915152886153
0.031322990511686154
0.0
0.0
0.0
0.0
0.0
0.0
0.0
0.058480561427315045
0.0
0.0
0.0
0.0
0.0
0.0
0.021668099419978666
0.0
0.0
0.0
0.0
0.006532643260795172
0.0
0.0
0.0
0.0
0.0
0.0
0.0
0.0
0.0
0.0
0.0
0.0
0.0
0.0
0.0
0.0
0.0
0.0
0.0
0.0
0.0
0.0
0.0
0.0
0.0
0.0
0.0
0.0
0.0
0.0
0.0
0.0
0.0
0.0
0.0
0.0
0.0
0.0
0.0
0.0
0.0
0.0
0.0
0.0
0.0
0.0
0.0
0.0
0.0
0.0
0.0
0.0
0.0
0.0
0.0
0.0
0.0
0.0
0.0
0.0
0.0
0.0
0.0
0.0
-0.7165815872544689
0.2518759318067998
0.0
0.0
0.0
-0.34456670198106837
-0.75
-0.051527527550725635
0.012424750587239826
0.0
0.02863852524478258
0.0
0.0
0.0
0.0
-0.014034204182352251
0.0018402139171945667
0.0
0.0
0.0
-0.43048764625906655
-0.35614007599169767
-0.613178406307753
0.32387283662008126
0.046842435269681286
-1.1039034461396453
0.8297379615320326
-1.8599114737542868
-0.9459882262913126
-1.1454382383613932
-0.18824128867652754
-0.5075641849506409
-0.6375
-0.5283309821284348
-0.2583726155047815
-0.541875
-0.6269444760940336
-0.9835665411842325
0.33818056380579103
-0.5608876950101549
-0.5285182897342152
0.04842931029949299
-0.0037182015754506498
0.0
0.0
-0.002376762685127612
-0.027153770846305304
-0.10800083047971665
0.12927150459826425
0.0
-0.0014094266175968713
0.010991850066832402
0.0
0.0
0.0
0.0
0.0
0.0
-0.008114315526524696
0.0
0.247682712262999
0.0
0.0
0.0
0.0
-0.11331086946183982
0.09717152990254921
0.0
0.0
0.0
0.23451803200978116
0.0
0.0
0.0
0.0
0.1437100495470136
0.0
-0.004304759082562423
0.0
0.0
0.04367968757877008
0.0
0.0
0.0
0.0
0.032354058058998006
0.0
0.0
0.0
0.183288459059001
0.06035662775655909
0.0
0.0
0.0
0.0
0.03202087390570091
0.0
0.0
0.0
0.1489310944279223
0.005177085909831707
0.0
0.0
0.0
0.0
0.0635727172519018
0.0
0.0
0.0
0.0
0.031693940733463294
0.0
0.0
0.0
0.0
0.0
0.0
0.0
0.0
0.0
0.023445529690127333
0.0
0.0
0.0
0.0
0.04896844052207105
0.0
0.0
0.002304403158316716
0.0
0.0020556386953203263
0.0
0.0
0.0
0.0
0.015250324022505979
0.0
0.0
0.0
0.0
0.0
0.0
0.0
0.0
0.0
0.0015607731979163139
0.0
0.0
0.0
0.0
0.0
0.0
0.0
0.0
0.0
0.0
0.0
0.0
0.0
0.0
0.0
0.0
0.0
0.0
0.0
0.0
0.0
0.0
0.0
0.0
0.0
0.0
0.0
0.0
0.0
0.0
0.0
0.0
0.0
0.0
0.0
0.0
0.0
0.0
0.0
0.0
0.0
0.0
0.0
0.0
0.0
0.0
0.0
0.0
0.0
0.0
0.0
0.0
0.0
0.0
-0.75
0.8062703873313463
0.0
0.0
0.0
-0.028272891432081816
-0.75
0.014721958701301843
0.0
0.04310631902791346
0.056610745077622954
0.0
0.0
-0.006505438161155469
0.0
-4.876298602351052E-4
0.14949995779018763
0.0
0.0
0.0
-0.9076719027806701
-1.0106078317740719
-1.0290571285876795
-0.980729345290198
-0.5461862227788047
-0.9482886840965906
-1.5876331606665353
-1.2169458442137722
-0.0476189942549366
-1.7915535943262586
-0.07092003938008067
0.19856884588481702
-0.05390222204478079
0.0
-0.50471262038151
-0.7572054521875294
-0.8861663585160067
0.1894015984850469
-1.061200390000475
-0.7927732077544244
-0.75
0.150748003492075
0.0
0.0
0.0
0.4037333243996619
0.0
0.0
0.0
0.0
0.2982689352116661
0.0
0.0
0.0
0.0
0.15259048740804015
0.0
0.0
0.0
0.0344854893074153
0.10417245572473964
0.0
0.0
0.0
0.0
0.0
0.0
0.0
0.1886927256248244
0.0
0.15216893055501224
0.0
0.0
0.0
0.0
0.14722010946694805
0.0
0.0
0.0
0.0
0.038978740700828914
0.0
0.0
0.0
0.0
0.07096439063317926
0.0
0.0
0.0
0.0
-0.017114297695492102
0.018925410517001747
0.0
0.0
0.0
0.14380885018216774
0.0
0.07976032415132646
-0.06734902252819767
0.0
0.01194948464800144
0.0
0.0
0.0
0.0
0.004339659460809224
0.0
0.0
0.0
0.0
-0.005954731740698488
0.007188915951314176
0.0
0.0
0.0
0.04171116882662803
0.0
0.0
0.0
0.0
0.0
0.0
0.0
0.0
0.0
0.0
0.0
0.0
0.0
0.0
0.0
0.0
0.0
0.0
0.0
0.0
0.0
0.0
0.0
0.0
0.0
0.0
0.0
0.0
0.0
8.194484114386505E-4
0.0
0.0
0.0
0.0
0.0
0.0
0.0
0.0
0.0
0.0
0.0
0.0
0.0
0.0
0.0
0.0
0.0
0.0
0.0
0.0
0.0
0.0
0.0
0.0
0.0
0.0
0.0
0.0
0.0
0.0
0.0
0.0
0.0
0.0
0.0
0.0
0.0
0.0
0.0
0.0
0.0
0.0
0.0
0.0
0.0
0.0
0.0
0.0
0.0
0.0
0.0
0.0
0.0
0.0
-0.1468699037022268
0.3054059489605984
-0.5425660990614172
-1.3875
0.0
-0.5292779267075312
-0.6207515300187852
-0.0526205128702098
0.05898194310982836
0.0
-0.28759675230497467
1.3357525300126991
0.0
0.030445127200340812
0.0
-0.47210217188546993
-0.75
0.0
0.0
0.0
-1.020774300814323
1.113297548619029
-0.03626575575529676
-0.639589883465306
-0.5025963725759696
-0.2060993764687865
-0.12827286946083805
0.30219165766685124
-0.3880929722409918
-0.9279443180961775
-0.48601786744307895
-0.3068824709348049
-0.41539736600754984
-0.3091845531848546
0.16498126637477503
0.06934832892735814
0.11230159992005101
0.0
0.014525986776137825
-0.49201900983617713
0.4750450217366688
0.0
0.0
0.0
0.0
0.538378686388097
0.003558499274833148
0.0
0.0
0.0
0.29671236927889244
0.0
0.0
0.07450606732755789
0.0
0.37348738526085623
0.06569565490613778
-0.05188219175849419
0.0
0.0
0.2348252358614925
0.0
0.0
0.0
0.0
0.0
0.30717175221631987
0.0
0.0
0.11115409588413462
0.10869545473206213
0.0
0.0
0.0
0.0
0.19390802124201698
0.0
0.0
0.0
0.0
0.11497431708465687
0.0
0.0
0.0
0.0
0.0658714848867432
0.0
0.002967887002934462
0.04255389464544966
0.0
0.23223116623507273
0.0
0.0
0.0
0.0
0.03710950614307694
0.0
0.0
0.0
0.2869719070315711
0.16789395814587726
0.0
0.0
0.0
0.0
0.00925921844431246
0.0
0.0
0.0
0.0
0.08631228961493567
0.0
0.13377233248993223
0.0
0.0
7.342892952430898E-4
0.0
0.0
0.018348013489168355
0.0
0.0
0.0
0.0
0.0
0.0
0.0
0.0
0.0
0.0
0.0
0.0
0.0
0.0
0.0
0.0
0.0
0.0
0.0
0.0
0.0
0.0
0.0
0.0
0.0
0.0
0.0
0.0
0.0
0.0
0.0
0.0
0.0
0.0
0.0
0.0
0.0
0.0
0.0
0.0
0.0
0.0
0.0
0.0
0.0
0.0
0.0
0.0
0.0
0.0
0.0
0.0
0.0
0.0
0.0
0.0
0.0
0.0
0.0
0.0
0.0
0.0
0.0
0.0
0.0
0.0
0.0
0.0
0.0
0.0
0.0
0.0
0.0
0.0
0.0
0.0
0.0
0.0
0.0
0.0
0.0
-0.3915046875
1.2045577303805135
0.027667194709641303
-0.75
0.17386702702733975
0.6893065250321857
0.0
0.0
0.0
0.0
-0.5544061472952913
-0.17018753897292926
-0.4472019366458633
0.0953399951252464
0.0
0.1290633736794806
0.0
0.667737112679761
0.0
0.0
-0.5334524847696853
0.0
-0.05014036650326553
0.30609305747430027
0.0
0.3624613027179998
0.0861844405676913
0.8291358651573677
-0.22201239044776458
0.16023088159460325
-0.40515346869975466
-0.6276315858630308
-0.053343034549275775
-0.4845295610757975
0.4066423377838076
0.46673900008295116
0.10780282910792931
-0.10114833779151791
-0.028525761073209643
0.092432598922644
0.36549153925428207
0.0
0.0
0.0
0.0792276456255772
0.29325583235344704
0.0
0.0
0.0
0.0
0.4283087386376505
0.0
0.0
0.10653469820674968
0.0
0.3892216952879065
0.0
0.043624003735622335
0.0
0.0
0.1046887794233745
0.0
0.0
0.0
0.0
0.06101145897958511
0.0
0.0
0.0
0.0
0.1450760781479427
0.0
0.0
0.0
0.0
0.0904517275236816
0.012201913255028816
0.0
0.0
0.0
0.11712788729298289
0.0
0.0
0.0
0.0
0.0
0.0
0.0
7.182555069258351E-4
0.0
0.015088902305667135
0.0
0.0
0.0
0.0
0.029130601226365477
0.0
0.0
0.003127356227054764
0.25724221713628803
0.0
0.0
0.0
0.0
0.0
0.031501053304391846
0.0
0.0
0.0
0.0
0.03682057151998742
0.0
0.0
0.0
0.0
7.673878355444009E-4
0.0
0.0
0.0
0.0
0.006883102279171245
0.0
0.0
0.0
0.0
0.0
0.0
0.0
0.0
0.0
0.0
0.0
0.0
0.0
0.0
0.0
0.0
0.0
0.0
0.0
0.0
0.0
0.0
0.0
0.0
0.0
0.0
0.0
0.0
0.0
0.0
0.0
0.0
0.0
0.0
0.0
0.0
0.0
0.0
0.0
0.0
0.0
0.0
0.0
0.0
0.0
0.0
0.0
0.0
0.0
0.0
0.0
0.0
0.0
0.0
0.0
0.0
0.0
0.0
0.0
0.0
0.0
0.0
0.0
0.0
0.0
0.0
0.0
0.0
0.0
0.0
0.0
0.0
0.0
0.0
0.0
0.0
0.0
0.0
0.0
-0.481378482362853
0.329572317714784
0.0
0.054435961019221636
0.0
0.8799784088847339
0.0
0.0
0.024837932314929284
0.0
-0.5539299227529711
-0.636518404801164
0.46559359454921373
0.0
0.0
0.38713919038586403
0.0984340468208988
0.0
0.0
0.0
0.6448659534508066
0.5468806723730955
0.13021193192850283
0.2788710398276515
0.07490863192608227
0.3738971570418094
-0.6368684449767905
0.062423647826635335
0.0
0.10966276396134572
-0.12769321948146162
-0.07294106924426368
-0.23907333306196843
-0.02578935717402979
-0.27051223879826736
0.5797940181429937
0.10101042885406314
0.09564059660045487
0.0
-0.5603408746053418
-0.587921628356497
0.0
0.0
0.47067339889962084
0.0
0.5068268077993929
0.0
0.0
0.0
0.0
0.23495689592904997
0.0
0.0
0.0
0.0
0.22116858571396647
0.0
0.08641006001282571
0.0
0.0
0.46644513084704065
0.0
0.0
0.0
0.0
2.4911296875000004E-4
0.00997165263590294
0.0
0.19686723071161877
0.0
0.0
0.0
0.2945952994983803
0.0
0.0
0.1698600972117818
0.0
0.0
0.0
0.0
0.1433425263116979
0.0
0.0
0.11122197286268355
0.0
0.16012720299562028
0.0
0.0
0.010721648344123598
0.0
0.04894557692951569
0.0
0.0
0.0
0.022518856664843587
0.06871092613704965
0.0
0.0
0.0
0.0
0.0
0.0
0.0
0.0
0.0
0.007635010034260758
0.0
0.0
0.0
0.0
0.20151025523023908
0.0
0.0
0.0
0.0
9.561093009003002E-4
0.0
0.0
0.0
0.0
0.0
0.0
0.0
0.0
0.0
0.0
0.0
0.0
0.0
0.0
0.0
0.0
0.0
0.0
0.0
0.0
0.0
0.0
0.0
0.0
0.0
0.0
0.0
0.0
0.0
0.0
0.0
0.0
0.0
0.0
0.0
0.0
0.0
0.0
0.0
0.0
0.0
0.0
0.0
0.0
0.0
0.0
0.0
0.0
0.0
0.0
0.0
0.0
0.0
0.0
0.0
0.0
0.0
0.0
0.0
0.0
0.0
0.0
0.0
0.0
0.0
0.0
0.0
0.0
0.0
0.0
0.0
0.0
0.0
0.0
0.0
0.0
0.0
0.0
0.0
0.0
0.0
0.0
0.0
0.0
-0.661660259152254
0.7004687813429424
-0.4922191655132833
0.0
0.0
0.005864617749175782
0.0
0.0
0.9824736966406324
0.0
0.0
0.04984982415313546
0.04465772193471583
0.42334111673959873
0.0
0.22761344983873058
0.0
0.0
0.0
-0.75
-0.24144013131410935
0.0
-0.7232309051739593
0.21515816452381734
-0.2553884451549851
-0.3334730143598138
-0.23395336682493284
-0.010974545229263763
0.2611920649024544
-0.8934848026314861
-0.09583690588129215
0.03438202688907661
-0.006670860735426696
0.0
0.7910496738236578
-0.2978482088014427
-0.5885595874674354
-0.07698367103844689
0.16679009731689604
-0.5655366696246737
0.4312103853221527
0.0
0.0
0.0
0.0
0.6025534734889273
0.06775864853065423
0.1061950480158893
0.0
0.0
0.335274570162594
0.0
0.020829869814272605
0.0
0.0
0.30817802359189583
0.0
0.08954707855515813
0.0
0.0
0.1496501456985083
0.0
0.0
0.0
0.0
0.3577576514680502
0.0
0.0
0.0
0.0
0.12623654396837225
0.0
0.0
0.0
0.0
0.09080760138863422
0.0
0.0
0.0
-0.008983838807039865
0.23896722548729396
0.0
0.0
0.0013007843366602337
0.10125009470023086
0.10380113674182004
0.010954892083242492
0.0
0.0
0.0
0.16921857317429756
0.0
0.0
0.0
0.0
0.13256520080979037
0.0
0.0
0.0
0.0
0.0
0.0
0.0
0.0
0.0
0.06287742207080955
0.0
0.0
0.0
0.0
0.021401316200738638
0.0
0.0
0.0
0.0
0.03978674237467443
0.0
0.0
0.0
0.0
0.0
0.0
0.0
0.0
0.0
0.0023001244871997647
0.0
0.0
0.0
0.0
0.029971567087541104
0.0
0.0
0.0
0.0
0.03886895265559071
0.0
0.0
0.0
0.0
0.0
0.0
0.0
0.0
0.0
0.0
0.0
0.0
0.0
0.0
0.0
0.0
0.0
0.0
0.0
0.0
0.0
0.0
0.0
0.0
0.0
0.0
0.0
0.0
0.0
0.0
0.0
0.0
0.0
0.0
0.0
0.0
0.0
0.0
0.0
0.0
0.0
0.0
0.0
0.0
0.0
0.0
0.0
0.0
0.0
0.0
0.0
0.0
0.0
0.0
0.0
0.0
0.0
0.0
0.0
0.0
0.0
0.0
0.0
0.0
-0.44062499999999993
-0.5668347613272542
-0.7355201930816365
-0.6717700888951567
-0.05744309102235322
0.6929743342142716
0.0
0.0
0.0
0.0
-0.6161530879491905
-0.006263088948286347
0.011070268918489331
0.0
0.0
0.030546400163665458
0.0
0.0
0.0
0.0
-0.4635837641664789
-0.3197547962806969
-0.4859449948297335
-0.5719423593380918
-0.577936616045859
-0.47534299718802264
0.612954595598502
-0.7787815378573711
-0.8371447819773898
-1.460456421193997
-0.83197865788149
-0.5731722031792794
-0.5695304914286037
-0.019761493163475752
-0.4239846706738415
-0.5900349113194912
-0.481754290696382
0.07598646116531585
-1.177416971443383
-0.7271312922467965
-0.5475546418510829
0.0
-0.45961573734562544
0.01428362384159413
0.0
0.0051242580960042736
0.0
-0.07879823124803242
0.0
0.0
1.056473532785363
0.008217973680848418
0.0
0.0
0.0
0.009979849205966583
0.0
-0.07160180620507596
0.0
0.0
0.18269553018769347
0.0
0.0
0.0
0.0
0.3666411323951187
0.0
0.0
0.0
0.008229478190591067
0.05868167583334461
0.0
0.0
0.0
0.0
0.06393177039863165
0.0
0.08360973364140749
0.0
0.0
0.0
0.0
0.0
0.0
0.07796705493632389
0.1717387100140812
0.0669610087122921
0.0
0.0
0.0
0.0036749013882104034
0.0
0.0
0.0
0.0
0.016367463566503506
0.0
0.0
0.0
-0.04406465194308813
0.0
0.0
0.0
0.03362410039518807
0.0
0.016189218700222517
0.0
0.0
0.0
0.0
1.8372828735174632E-4
0.0
0.0
0.0
0.0
0.006345133427351644
0.0
0.0
0.0
0.0
0.0
0.0
0.0
0.0
0.0
0.0
0.0
0.0
0.0
0.0
0.0
0.0
0.0
0.0
0.0
0.0
0.0
0.0
0.0
0.0
0.0
0.0
0.0
0.0
0.0
0.0
0.0
0.0
0.0
0.0
0.0
0.0
0.0
0.0
0.0
0.0
0.0
0.0
0.0
0.0
0.0
0.0
0.0
0.0
0.0
0.0
0.0
0.0
0.0
0.0
0.0
0.0
0.0
0.0
0.0
0.0
0.0
0.0
0.0
0.0
0.0
0.0
0.0
0.0
0.0
0.0
0.0
0.0
0.0
0.0
0.0
0.0
0.0
0.0
0.0
0.0
0.0
0.0
0.0
0.0
-0.5782077632035676
0.0
-0.75
0.0
0.09186158711556511
-0.031749536242261955
-0.75
0.12099237465854085
0.0
0.0
0.07406277059258204
0.0
0.0
0.0
0.0
0.16048608519473276
-0.75
0.0
0.0
0.0
-0.556499710840748
-1.1941076507072519
-0.5552247337650162
-0.6895230465195893
-0.5807674540624788
-0.5408390954479584
-0.7583225035054523
-1.1250143035371594
-0.2550928712259103
-0.6939031304207296
-0.7011535095624679
-0.7296534601611091
-0.4911336735039063
-0.6200317287667928
-0.7198952649442439
-0.6375
-0.5468447018510185
-0.6156421166935653
0.05825348165221194
-0.5850793576761528
-0.4711157768482578
0.0860625
0.0
1.1595500998426216
0.0
-0.03735239557913172
0.46049843927763373
0.27980661726614564
0.0
0.0
0.43401958301115906
0.0
0.0
0.0
0.0
0.13333873447262246
-0.04694081058064104
0.06369097437557691
0.24757080339251625
0.0
0.1997004254716134
0.0
0.0
0.0
0.0
0.04157282700040384
0.0
0.0
0.0
0.0
0.12284562481975739
0.0
0.0
0.0
0.0
0.06590851266533447
0.08670492365271422
0.0
0.01072919161359146
0.038787560134152355
0.0804083217342576
0.0
0.0
0.029001278269207505
0.0
0.06806061481153933
0.0
0.0
0.0
0.0
0.23641959725313444
0.0
0.0
0.0
0.0
0.12189250341512586
0.0
0.0
0.0
0.0
2.4911296875000004E-4
0.0
0.0
0.0
0.0
0.05775467499709362
0.0
0.0
0.0
0.0
0.03647853134322155
0.0
0.0
0.0
0.08628739117342117
0.0
0.07934162638100647
0.0
0.0
0.0
0.0
0.0
0.0
0.0
0.0
0.0
0.0
0.0
0.0
0.0
0.0
0.0
0.0
0.0
0.0
0.0
0.0
0.0
0.0
0.0
0.0
0.0
0.0
0.0
0.0
0.0
0.0
0.0
0.0
0.0
0.0
0.0
0.0
0.0
0.0
0.0
0.0
0.0
0.0
0.0
0.0
0.0
0.0
0.0
0.0
0.0
0.0
0.0
0.0
0.0
0.0
0.0
0.0
0.0
0.0
0.0
0.0
0.0
0.0
0.0
0.0
0.0
0.0
0.0
0.0
0.0
0.0
0.0
0.0
0.0
0.0
0.0
0.0
0.0
0.0
0.0
0.0
0.0
0.0
0.0
-0.4484417185655184
1.4085573664964042
-0.034457358633465995
0.0
0.0
0.14127343764303008
-0.75
-0.04952770431620572
0.6174397393205918
-0.75
-0.7250777435553115
0.21482428347561117
0.0
0.10352955131612923
0.0
0.18839035307639235
0.0
0.0
0.0
0.0
-0.42793683558971063
0.6462651972675799
0.0
0.0
-0.03683882630278046
0.2247579105131877
-0.4264545102717712
-0.23668856733256521
-0.4058709274828309
-0.4120541085341951
-0.6345556168869371
0.5481645796474396
0.0
0.0
0.05287797540943756
1.5922929176660159
-0.38874554183610777
0.0701203388310516
0.0
0.06674368731597304
0.17974159541659113
0.10236704434015938
0.0
0.08345601834520319
0.24544814236630397
0.18597738294475047
0.008463255789782425
0.0
0.0
0.5677185384348745
0.30475473446080537
0.0
0.0
0.0
-0.073153125
0.0
0.0
0.13826791376792621
1.6014689911707067
0.0
0.3151248067850634
0.0
0.0
0.01346371875
-0.05875368338342756
-0.06496839756058989
0.061531466964035574
0.15142574746872328
0.0
0.05956883451385491
0.4768829781923822
0.0
0.0
0.0
0.0
0.12156372651682754
0.0
0.0
0.0
0.0
0.20764726139760725
0.0
0.0
0.0
0.0
0.0644810922388164
0.0
0.0
-0.06915385874327244
0.0
0.02397998867713645
0.0
0.0
0.04465443632990039
0.0
0.060472834371443934
0.0
0.0
0.0
0.0
0.04483380494462228
0.0
0.0
0.0
0.0
0.006576282881788463
0.0
0.0
0.0
0.0
0.0
0.0
0.0
0.0
0.0
0.0
0.0
0.0
0.0
0.0
0.0
0.0
0.0
0.0
0.0
0.0
0.0
0.0
0.0
0.0
0.0
0.0
0.0
0.0
0.0
0.0
0.0
0.0
0.0
0.0
0.0
0.0
0.0
0.0
0.0
0.0
0.0
0.0
0.0
0.0
0.0
0.0
0.0
0.0
0.0
0.0
0.0
0.0
0.0
0.0
0.0
0.0
0.0
0.0
0.0
0.0
0.0
0.0
0.0
0.0
0.0
0.0
0.0
0.0
0.0
0.0
0.0
0.0
0.0
0.0
0.0
0.0
0.0
0.0
0.0
0.0
0.0
0.0
0.0
0.0
0.0
0.0
0.0
0.0
0.0
0.0
0.0
0.0
0.0
0.0
-0.43180366936532677
0.41180810587359395
0.0
0.0
0.12531338794445637
0.19858219396574975
0.0
0.0
0.0
-0.6872730677093362
0.1591730502008352
0.0
-0.699424194910566
0.0
0.37784894850347833
0.03389907143750618
0.0026183016103947846
0.0
0.0
0.2965863121707267
-0.19095512578040574
0.0
0.39679602339067843
0.0
0.0
1.1983312769213919
0.0
0.1429966081442342
-0.5888587352264344
-0.23903048938411783
-0.6098463684596855
-0.5006303666695948
-0.15408293420508917
0.9164636640167325
-0.337622001793354
-0.15802180319962766
1.1431184205168012
0.1686098757835545
0.0015299945296797686
0.0
-0.3101636312854937
0.0
0.0
0.3625895804338013
0.0
0.654167046698987
0.09963610001058482
0.1300356804314734
0.06454611500388681
0.0
0.43281185252115867
0.0
0.0
0.0
0.06416553245895065
0.35783350902449695
0.0
0.0
0.0
0.0
0.2654479145110952
0.0
0.0
0.0
0.0
0.010629186525574265
0.0
0.0
0.10349840680324286
0.0
0.11150919173297164
0.0
0.0
0.046317011033799746
0.0
0.05173637960768898
0.0
0.0
0.0
0.0
0.02193920310831516
0.0
0.0
0.0
0.0
0.1353457947278695
0.0
0.0
0.0
0.0
0.04137879833564183
0.0
0.07949444532158437
0.0
0.0
0.0
0.0
0.0
0.0
0.0
0.0
0.0
0.0
0.0
0.0
0.0
0.0
0.0
0.0
0.0
0.0
0.0
0.0
0.0
0.0
0.0
0.0
0.0
0.0
0.0
0.0
0.0
0.0
0.0
0.0
0.0
0.0
0.0
0.0
0.0
0.0
0.0
0.0
0.0
0.0
0.0
0.0
0.0
0.0
0.0
0.0
0.0
0.0
0.0
0.0
0.0
0.0
0.0
0.0
0.0
0.0
0.0
0.0
0.0
0.0
0.0
0.0
0.0
0.0
0.0
0.0
0.0
0.0
0.0
0.0
0.0
0.0
0.0
0.0
0.0
0.0
0.0
0.0
0.0
0.0
0.0
0.0
0.0
0.0
0.0
0.0
0.0
0.0
0.0
0.0
0.0
0.0
0.0
0.0
0.0
0.0
0.0
0.0
0.0
0.0
0.0
0.0
0.0
0.0
0.0
-0.5135455165677506
0.9090919364460747
0.0
0.0
0.13963152479639585
-0.7172911672670299
0.45909362333374854
0.0
0.0
0.0
-0.6566820752513134
0.42152342423360334
0.0
0.0
0.09294421059639357
0.40977238909038466
0.0
0.0
0.0
0.0
-0.18170438368954767
0.39472687473008033
0.0
0.0
0.026465111778096986
-0.44090592770423986
1.0130135162297311
-0.46275635301072415
-0.1979793725422604
-0.75
-0.7410563163662777
0.6552217844740353
0.46884910697533433
-0.3014245695901654
-0.20978886184583218
1.3748412753803951
-0.75
-0.3199560301384317
-0.24995828518509797
-0.13461506092348716
0.3381534856641443
0.0011249074671572982
0.0
0.0
0.0
0.6683442327038892
0.7783335325971497
0.065213778396778
0.04987422788705801
0.13351629975481916
0.36026737016870586
0.03637661890034623
0.0
0.0
0.0
0.016536946383531172
0.0
0.0
0.0
0.48171493210047067
0.21123587057065474
0.0
0.0
0.0
0.0
0.036875358401264734
0.0
0.23739654196751891
0.0
0.0
3.311757532415475E-4
0.0
0.0
0.0
0.27151498642733246
0.047715399652841384
0.0
0.0
0.0
0.0
0.03529614387626811
0.0
0.0
0.0
0.0
0.0954767032006899
0.0
0.0
0.0
0.0
0.05258849268822577
0.0
0.0
0.0
0.0
0.027550867407553623
0.0
0.0
0.0
0.0
0.0
0.0
0.0
0.0
0.0
0.0
0.0
0.0
0.0
0.0
0.0
0.0
0.0
0.0
0.0
0.0
0.0
0.0
0.0
0.0
0.0
0.0
0.0
0.0
0.0
0.0
0.0
0.0
0.0
0.0
0.0
0.0
0.0
0.0
0.0
0.0
0.0
0.0
0.0
0.0
0.0
0.0
0.0
0.0
0.0
0.0
0.0
0.0
0.0
0.0
0.0
0.0
0.0
0.0
0.0
0.0
0.0
0.0
0.0
0.0
0.0
0.0
0.0
0.0
0.0
0.0
0.0
0.0
0.0
0.0
0.0
0.0
0.0
0.0
0.0
0.0
0.0
0.0
0.0
0.0
0.0
0.0
0.0
0.0
0.0
0.0
0.0
0.0
0.0
0.0
0.0
0.0
0.0
0.0
0.0
0.0
0.0
0.0
0.0
0.0
-0.6394233587335239
0.33308353970471793
-0.3219836669948853
-0.39300190026148274
0.0
0.4298253114346569
0.0
0.0
0.0
0.0
0.28590466994699243
0.0
0.06099395019207018
0.0
0.0
0.19790070745715782
0.0
0.0
0.0
0.0
-0.393857001798908
1.9112487450257638
0.06868745409408585
0.04734013915898893
0.40477273374465955
1.0434522353130289
-0.08685493781465545
-0.2087547124190921
-0.9042414812667743
-0.0505458963729733
0.03139834065047942
0.0
0.2703432809475544
0.03413740201492013
0.11640612915106166
0.37338841101246784
0.0
-0.4675448761363598
-0.0369984524285583
-0.2502075341463966
0.057401751535979324
0.0
0.058848764043317126
0.022586829377292957
0.23972976074282193
0.7760376869518983
0.032788102934752164
0.0
0.07245529787924113
0.19914940451538776
0.4093291130699316
0.0
0.010769627883668358
0.0
0.0
0.17052336490802283
0.0
0.0
0.0
0.0
0.26164888308239626
0.011317523857900502
0.0
0.0
0.0
0.11007524721889045
0.07344642016737052
0.0
0.17397537925713122
0.10036502941068755
0.20282387541999014
0.0
0.0
0.0
0.0
0.12300960852345162
0.001937069236775938
0.0
0.0
0.0
0.05629448474991503
0.0
0.0
0.0430500257138551
0.0
0.015100279419789704
0.0
0.0
0.0
0.0
0.0
0.0
0.0
0.0
0.18049082541433806
0.037814193004008664
0.0
0.0
0.0
0.0
0.08610872303882819
0.0
0.0
0.0
0.0
0.0034137703125
0.0
0.0
0.0
0.0
0.039294118945327215
0.0
0.0
0.0
0.0
0.0
0.0
0.0
0.0
0.0
0.0
0.0
0.0
0.0
0.0
0.0
0.0
0.0
0.0
0.0
0.0
0.0
0.0
0.0
0.0
0.0
0.0
0.0
0.0
0.0
0.0
0.0
0.0
0.0
0.0
0.0
0.0
0.0
0.0
0.0
0.0
0.0
0.0
0.0
0.0
0.0
0.0
0.0
0.0
0.0
0.0
0.0
0.0
0.0
0.0
0.0
0.0
0.0
0.0
0.0
0.0
0.0
0.0
0.0
0.0
0.0
0.0
0.0
0.0
0.0
0.0
0.0
0.0
0.0
0.0
0.0
0.0
0.0
0.0
0.0
0.0
0.0
0.0
0.0
0.0
0.0
0.0
0.0
0.0
0.0
-0.524125927000849
0.10224372996523273
0.0
0.0
0.0
-0.014527559539586149
0.04521709866379112
0.0
0.0
0.0
-0.5603533976889057
0.0
0.01842525504634478
0.0
0.0
0.19915948405548003
0.0
0.0
0.0
0.0
0.29091856120601517
-0.6677907209679611
-0.7496393099020106
-0.7231340378086122
-0.6226912525494321
-0.5549274113255622
-1.1234867067480736
-1.3160500435259712
-1.0347740287386482
-0.10650852560639178
-0.42583309635854083
0.0036563417067437733
0.0
0.12514196748483367
0.0013290300831211596
-0.5654279628448547
-1.0377314760628478
-0.838289785843089
-0.03570294446512536
-1.2429775824690958
0.2689590102438659
0.0
0.0
0.0
0.0
0.056495102574424264
0.0
0.0
0.6774081810696947
0.07678984019269904
0.0
0.0
0.0
0.0
0.8244431409606605
0.14403514856654037
0.0
0.016327168511917775
0.0
0.0
1.6811795224211927E-4
0.0
0.0
0.0
0.0
0.3580013040192238
0.03734866033954603
0.07844068104557533
0.0
0.0
0.0
0.0
0.0
-0.006104294915246673
0.0
0.1243650518552334
0.0
0.0
0.0
0.0
0.3303578835422114
0.0
0.0
0.0
0.0
0.23028572892683735
0.0
0.0
0.0
0.0
0.0
0.0
0.0
0.0
0.0
0.07004253001770328
0.0
0.0
0.0
0.0
0.012809061304310103
0.0
0.0
0.0
0.0
0.07480480528264292
0.0
0.0
0.0
0.0
0.0
0.0
0.0
0.0
0.0
0.021492662563065583
0.0
0.0
0.0
0.0
0.0
0.0
0.0
0.0
0.0
2.620757431268813E-4
0.0
0.0
0.0
0.0
0.0
0.0
0.0
0.0
0.0
0.0
0.0
0.0
0.0
0.0
0.0
0.0
0.0
0.0
0.0
0.0
0.0
0.0
0.0
0.0
0.0
0.0
0.0
0.0
0.0
0.0
0.0
0.0
0.0
0.0
0.0
0.0
0.0
0.0
0.0
0.0
0.0
0.0
0.0
0.0
0.0
0.0
0.0
0.0
0.0
0.0
0.0
0.0
0.0
0.0
0.0
0.0
0.0
0.0
0.0
0.0
0.0
0.0
0.0
0.0
0.0
0.0
0.0
0.0
0.0
0.0
0.0
0.0
0.0
0.0
-0.08646156939276317
0.18895522494972536
0.0
0.0
0.0
-0.06184170228443432
-0.7475785157645811
-0.021687254519014675
0.019914961445073945
0.0
0.26357871077397793
0.0
0.0
0.0
0.0
0.09021964392674595
0.0
0.0
0.0
0.0
0.6329136561887977
-0.7594898883261305
-0.8647091851019159
-1.3870821411411394
-0.40751705444755404
-1.3818698146425978
-0.9363210160664376
-1.4696950445405692
-0.6819868914967051
-1.6508012068043345
-0.010234365025523814
0.3797973030611068
-0.6669102052734552
0.0
-0.5568686814508808
-0.8154711336618261
-0.425461735613817
-0.6904251938479985
-0.06361203967252625
-0.5842972078510327
-0.06037076416156892
0.10293283266568948
0.0
-0.018136153580572103
0.0
-0.17965407268726916
1.078673164712394
0.0
0.0
0.0
0.6546126261182584
0.0
0.0
0.0
0.14562087723617317
0.22326655927038355
0.03809144900364319
0.0
0.0490265683835984
0.10886060268600194
0.07606350045965327
0.0
0.0
0.0
0.0
-0.013417075547794713
0.14294931825266372
0.0
0.0
0.0
0.0026850164125031698
0.0
0.0
0.0
0.0
0.33966980401415536
0.0
0.0
0.0
0.0
0.04810039777150876
0.0
0.0
0.0
0.0
0.0
0.0
0.0
0.0840456313258006
0.1983010354471826
0.10822585761022638
0.0
0.0
0.0
0.0
0.28490145601955863
0.0
0.09270423157799933
0.0
0.0
0.0
0.0
0.0
0.0
0.0
0.0
0.0
0.0
0.0
0.0
0.03545043105158044
0.0
0.0
0.0
0.0
0.0
0.0
0.0
0.0
0.0
0.0
0.0
0.0
0.0
0.0
0.0
0.0
0.0
0.0
0.0
0.0
0.0
0.0
0.0
0.0
0.0
0.0
0.0
0.0
0.0
0.0
0.0
0.0
0.0
0.0
0.0
0.0
0.0
0.0
0.0
0.0
0.0
0.0
0.0
0.0
0.0
0.0
0.0
0.0
0.0
0.0
0.0
0.0
0.0
0.0
0.0
0.0
0.0
0.0
0.0
0.0
0.0
0.0
0.0
0.0
0.0
0.0
0.0
0.0
0.0
0.0
0.0
0.0
0.0
0.0
0.0
0.0
0.0
0.0
0.0
0.0
0.0
0.0
0.0
0.0
0.0
0.0
0.0
0.0
0.0
0.850134230172162
0.0
0.0
0.0
0.09978741860631674
0.4341788123145886
-0.563974722115842
-0.75
-0.6291932519598552
-0.628834641909703
-0.2699909370532839
0.39024186099352454
0.0
0.0
0.050532735839969485
0.3738419637827308
0.0
0.0
-0.08120471106033716
0.0
-0.4281708865103775
0.965155857780073
0.10046154459973416
-0.08726848240251556
-0.253303838041494
-0.12165188294691681
0.047228313359202266
0.09296669366669938
0.7726420502168398
-0.13232736376512022
-0.3312931671049749
-0.3324485642129221
0.0
0.48033266145403763
0.0
-0.3310334452605713
0.0
0.07985083120343461
0.1045188422054552
0.032209170850422186
0.6454947699396476
0.0
0.0
0.0
0.1818725978459174
0.3410725434552946
0.0
0.0
0.0
0.0
0.4431712144236625
0.0
0.057822977910879786
0.0
0.0
0.2748432360559261
0.0
0.0
0.04374483807146949
0.1230608959923656
0.2656979496217053
0.0
-0.03208167679402146
0.0
0.0
0.30435750290277985
0.0
0.0
0.0
0.0
0.5178319915768073
0.0
0.0
0.008982692650201789
0.0
0.01415949722276435
0.0
0.5644611259178176
0.0
0.0
0.0287890088362227
0.0
0.0
0.0
0.0
0.11306648825802333
0.0
0.0
0.0
0.0
0.06589780739313977
0.0
0.0
0.0
0.0
0.0
0.02217079365141942
0.3538198948871178
0.0
0.0
0.12760868575850176
0.0
0.0
0.0
0.0
0.0
0.0
0.0
0.0
0.0
0.046723966472298706
0.0
0.0
0.0
0.0
0.015922194642633884
0.0
0.0
0.0
0.0
0.0
0.0
0.0
0.0
0.0
0.0
0.0
0.0
0.0
0.0
0.0
0.0
0.0
0.0
0.0
0.0
0.0
0.0
0.0
0.0
0.0
0.0
0.0
0.0
0.0
0.0
0.0
0.0
0.0
0.0
0.0
0.0
0.0
0.0
0.0
0.0
0.0
0.0
0.0
0.0
0.0
0.0
0.0
0.0
0.0
0.0
0.0
0.0
0.0
0.0
0.0
0.0
0.0
0.0
0.0
0.0
0.0
0.0
0.0
0.0
0.0
0.0
0.0
0.0
0.0
0.0
0.0
0.0
0.0
0.0
0.0
0.0
0.0
0.0
0.0
0.0
0.0
0.0
0.0
0.0
-0.03310294865581987
0.4615609532023144
-0.00773173513525212
0.0
0.0
0.4172548626258462
0.05002454487527276
0.0
0.0
0.0
0.5292382983999596
0.0
0.0
0.0
0.0
0.16476879146352047
0.0
0.07586958471970402
0.0
0.0
-0.637471414286836
1.063394736925493
0.013132575353486671
0.0768407518902277
0.0
1.3724411650774966
-0.29695292999559497
-0.21879964689710468
-1.218597862993
-0.3462588353174987
-0.75
0.5602059422099732
-0.5070325916424291
0.13877573303175306
0.10276424551814595
0.9029615817854155
0.0
0.18854727899784354
0.0
0.05217407019803528
0.09529367407470246
0.0
0.0
0.0
0.47948745711494517
0.09577148242545383
0.02995322456168733
0.6185580011191136
0.0472694448675054
0.0
0.38281648526265594
0.0
0.010169303655432718
0.0
0.10829172189665792
0.6270661193043614
0.17506790769981798
0.0
0.0
0.0
0.29882869051321126
0.0
0.0
0.0
0.0
0.13949972092476276
0.0
0.0
0.0
0.0
0.0
0.0
0.18572753782568266
0.0
0.0
0.1795688756389588
0.0
0.0
0.0
0.0
0.11304358191085973
0.0
0.0
0.0
0.0
0.0
0.0
0.04444179473630128
0.0
0.06687851732634628
0.0
0.0
0.0
0.0
0.0
0.0
0.0
0.0
0.0
0.0
0.0
0.0
0.0
0.0
0.0
0.0
0.0
0.0
0.0
0.0
0.0
0.0
0.0
0.0
0.0
0.0
0.0
0.0
0.0
0.0
0.0
0.0
0.0
0.0
0.0
0.0
0.0
0.0
0.0
0.0
0.0
0.0
0.0
0.0
0.0
0.0
0.0
0.0
0.0
0.0
0.0
0.0
0.0
0.0
0.0
0.0
0.0
0.0
0.0
0.0
0.0
0.0
0.0
0.0
0.0
0.0
0.0
0.0
0.0
0.0
0.0
0.0
0.0
0.0
0.0
0.0
0.0
0.0
0.0
0.0
0.0
0.0
0.0
0.0
0.0
0.0
0.0
0.0
0.0
0.0
0.0
0.0
0.0
0.0
0.0
0.0
0.0
0.0
0.0
0.0
0.0
0.0
0.0
0.0
0.0
0.0
0.0
0.0
0.0
0.0
-0.541875
0.0
0.10743458668270808
0.245071239002874
0.7587669011387723
0.38275803703488326
0.0
0.0
0.0
0.0
0.1306056180020113
1.1340359826908122
0.013722960362000913
0.0
8.654528327941235E-4
0.4066355639012979
0.0
0.0
0.0
0.0
-0.22188223064018464
0.2579788862713108
-0.6375
0.0
-0.274010632035533
-0.13201272560907662
-0.29770450489876565
0.2904863470479618
-0.9932761457650376
-0.7406159778356006
-0.480643256558348
0.4774112133645015
0.0
0.35482819024368734
0.0
0.7573541210482033
0.14552672075287607
0.11371359396911751
0.005878811625533451
-0.09221536900890362
-0.4158045633610804
0.3724147353971282
0.0
0.0
0.0
0.8079459393471706
0.0
0.0
0.06621317282048071
0.0
0.04527523162260086
0.0
0.0
0.0
0.14437392262662357
0.6804872403126322
0.09762429404290077
0.0
0.0
0.0
0.18327955020522196
0.03899680879227713
0.05144095567568149
0.0
0.0
0.08111568223575329
0.0
0.2743388544019414
2.4402454450112634E-4
0.0
0.32062203441697196
0.0
0.0
0.0
0.0
0.16765806254627152
0.0
0.0
0.0
0.0
0.0648809272002017
0.0
0.0
0.0
0.0
0.014404694982243125
0.0847086326822173
0.0
0.0
0.0
0.012812904502405876
0.0
0.0
0.0
0.0
0.11687010489866319
0.0
0.0
0.0
0.0
0.0
0.0
0.0
0.0
0.0
0.0
0.0
0.0
0.0
0.0
0.0
0.0
0.0
0.0
0.0
0.0
0.0
0.0
0.0
0.0
0.0
0.0
0.0
0.0
0.0
0.0
0.0
0.0
0.0
0.0
0.0
0.0
0.0
0.0
0.0
0.0
0.0
0.0
0.0
0.0
0.0
0.0
0.0
0.0
0.0
0.0
0.0
0.0
0.0
0.0
0.0
0.0
0.0
0.0
0.0
0.0
0.0
0.0
0.0
0.0
0.0
0.0
0.0
0.0
0.0
0.0
0.0
0.0
0.0
0.0
0.0
0.0
0.0
0.0
0.0
0.0
0.0
0.0
0.0
0.0
0.0
0.0
0.0
0.0
0.0
0.0
0.0
0.0
0.0
0.0
0.0
0.0
0.0
0.0
0.0
0.0
0.0
0.0
0.0
0.0
-0.404141196498884
-0.6315845330196651
-0.6713607696787082
0.2376378029844342
-1.257245751775543
-0.042710925668636185
-0.5974071195807223
0.04087493620203229
0.0
0.0
0.020357112114506366
0.4974948711543325
0.0
0.09103605204922224
0.42731995657959077
-0.6511844025126114
-0.6375
0.23810488756534887
0.0
0.0
-0.1295558993899805
0.7148338936648921
-0.03554253039677177
-0.37236247244046894
-0.06695422090484057
1.4598632134330265
-0.29627500130270756
-0.0794568096163967
-0.75
-0.5788542112054955
-0.36679228301920486
-0.061554663715707184
-0.2842945628298886
-0.6418683548035194
-0.26368690476091233
1.0122802715762513
0.11610465987459576
0.25309541138401703
0.0
0.005485075575347001
0.3542972465158818
0.027533067148502906
-0.03284757441323573
0.0
0.0
-0.019907947312722794
0.44037159192642567
0.017120119249391875
-0.5535716034370767
0.11122197286268355
0.21972000905570938
0.0
0.0
0.0
-0.07535502955044493
0.841049283536126
0.0
0.09311995524648664
0.0
0.10585852279933586
0.11525565551751925
0.0
0.0
0.0
0.0
0.2396999587715167
0.0
0.0
0.0
0.0
0.30319868427940794
0.0
0.0
0.0
0.0
0.1341859769601479
0.0
0.10532785309757133
0.0
0.0
0.08270960760967218
0.0
0.0
0.0
0.0
0.08093687534814749
0.0
0.0
0.0
0.0
0.028031712039388774
0.0
0.0
0.0
0.0
0.011618437500000002
0.0
0.1181038095969451
0.0
0.0
0.0
0.0
0.0
0.0
0.0
0.0
0.0
0.0
0.0
0.0
0.005831432444090595
0.0
0.0
0.0
0.0
0.01915022502783369
0.0
0.0
0.0
0.0
0.0
0.0
0.0
0.0
0.0
0.0
0.0
0.0
0.0
0.0
0.0
0.0
0.0
0.0
0.0
0.0
0.0
0.0
0.0
0.0
0.0
0.0
0.0
0.0
0.0
0.0
0.0
0.0
0.0
0.0
0.0
0.0
0.0
0.0
0.0
0.0
0.0
0.0
0.0
0.0
0.0
0.0
0.0
0.0
0.0
0.0
0.0
0.0
0.0
0.0
0.0
0.0
0.0
0.0
0.0
0.0
0.0
0.0
0.0
0.0
0.0
0.0
0.0
0.0
0.0
0.0
0.0
0.0
0.0
0.0
0.0
0.0
0.0
0.0
0.0
0.0
0.0
0.0
0.0
0.0
-0.08089326830954946
0.11657216298497614
0.0
0.0
-0.5953432959408044
-0.6375
-0.75
-0.033968645271603065
0.17079968574858828
0.0
-0.6288904960873066
0.21319307397479087
0.0
0.0
0.0
0.012074244876946222
0.012091351207041641
0.0
0.0
0.0
-0.007643422259325998
-0.45428108923375954
-1.1881182039588665
-0.32110839974296945
0.8504224645465859
-1.22652575626026
-0.9999132252261326
-1.5349127881723448
-1.0849468280339232
0.1898920542858873
-0.5409584355277479
-0.09452465802898871
0.0017119854741529006
-0.7269785892538355
-0.046307798832390966
-0.6981080207859469
-0.7342034349964076
0.06677283835898266
-0.5401116909602547
-0.5452670623488982
-0.5630555103978075
0.233821502691953
0.0
0.0
0.0
-0.0015218180607444731
0.5839118927141007
0.0
0.0
0.04844604775271792
0.341944861078688
0.0
0.0
0.0
0.0
0.1494487904849694
0.037685641240344486
0.037750160539504786
0.0
-0.039520587141995384
0.031160883259444272
0.015319935424184796
0.0
0.0
0.0
2.397925440162881E-4
0.0
0.17676899672265403
0.0
0.0
0.18008076611688154
0.0
0.0
0.011868973079726087
0.05214368524550416
0.04900587490970047
0.0
0.06407147504545824
0.002353501702830184
0.0
0.2035963807635285
0.0
0.005485075575347001
0.0
0.0
0.12024249948688799
0.0
0.0
0.0
0.0
0.16820856196005507
0.0
0.0
0.0
0.0
0.05526128755328581
0.0
0.0
0.0
0.0
0.0022772828892249257
0.0
0.0
0.0
0.0
0.0032415820965551053
0.0
0.0
0.0
0.0
0.10566629266386848
0.0
0.0
0.0
0.0
0.0
0.0
0.0
0.0
0.0
7.602370415982423E-5
0.0
0.0
0.0
0.0
0.0
0.0
0.0
0.0
0.0
0.0036742715870403935
0.0
0.0
0.0
0.0
0.0
0.0
0.0
0.0
0.0
0.0
0.0
0.0
0.0
0.0
0.0
0.0
0.0
0.0
0.0
0.0
0.0
0.0
0.0
0.0
0.0
0.0
0.0
0.0
0.0
0.0
0.0
0.0
0.0
0.0
0.0
0.0
0.0
0.0
0.0
0.0
0.0
0.0
0.0
0.0
0.0
0.0
0.0
0.0
0.0
0.0
0.0
0.0
0.0
0.0
0.0
0.0
0.0
0.0
0.0
0.0
0.0
0.0
0.0
0.0
0.0
0.0
0.0
0.0
0.0
0.8617779415111313
0.0
0.0
0.0
0.0
0.0
0.0
0.11333532572710683
0.0
0.0
0.17663696532553946
0.0
0.0
0.0
0.0
0.4970799878782433
0.0
0.0
0.0
0.0
0.22663208302400037
-0.0025112255868895428
-0.6400918484804845
-0.5229378307394295
-0.7481213489430678
-0.7333090896406773
-0.7216381055740843
-1.312335239007897
-0.49698984716063566
-0.7390805331290919
-0.5390273417242013
-0.17057388165824458
-0.34335027868415124
0.25657249111325703
-0.3168965911376264
0.5933704339414878
-0.23873744333517108
-0.7074605602152244
-0.41180627036459266
-0.4879583890417275
-0.20159040210358248
0.07414311332751888
0.0
0.0
0.0
0.0
0.0
0.11867587063788182
0.04225036608659482
0.0
0.18707855486817945
0.0
0.0
0.0
0.0
0.5183241676135524
0.0
0.0
0.0
0.026392832313558566
0.1944900636338282
0.0
0.0
0.0
0.0
0.09944079917028172
0.0
0.0
0.0
0.0
0.15696313378377905
0.0
0.0
0.0
0.0
0.169090737307531
0.0
0.0
0.015112159014828479
0.0
-0.036947066690921265
0.07761043125064743
0.0
0.0
0.1932494262977838
0.12861932488754643
0.0
0.0
0.0
0.0
0.148218555738385
0.0
0.0
0.0
0.0
0.16422292419903253
0.0
0.0
0.0
0.0
0.038135034349327454
0.0
0.0
0.0
0.0
0.026507223587451334
0.0
0.003250386310950633
0.0
0.0
0.0
0.0
0.0
0.0
0.0
0.003442544552223891
0.0
0.0
0.0
0.0
0.0
0.0
0.0
0.0
0.0
0.0
0.0
0.01751063996655932
0.0
0.0
0.0
0.0
0.0
0.0
0.0
0.0
0.0
0.0
0.0
0.0
0.0
0.0
0.0
0.0
0.0
0.0
0.0
0.0
0.0
0.0
0.0
0.0
0.0
0.0
0.0
0.0
0.0
0.0
0.0
0.0
0.0
0.0
0.0
0.0
0.0
0.0
0.0
0.0
0.0
0.0
0.0
0.0
0.0
0.0
0.0
0.0
0.0
0.0
0.0
0.0
0.0
0.0
0.0
0.0
0.0
0.0
0.0
0.0
0.0
0.0
0.0
0.0
0.0
0.0
0.0
0.0
0.0
0.0
0.0
0.0
-0.75
-0.5755057717089016
-0.23762551203245874
0.6094045689210115
-0.6427084283755666
0.17722481877572574
0.0
0.0
0.0
0.0
0.14279491536793204
0.4559131042093606
-0.75
0.0
0.0
0.8758473923080874
0.0
0.0
0.0
0.002462815351836327
-0.7498200158800781
-0.24830735213346794
0.4550759436436231
0.0
0.5052855256731787
0.6681430364753612
0.00603992251955807
0.04685446753104564
0.09297769006480602
0.3250886285217819
-0.14038916408428437
-0.10964620857532041
-0.11539015537333353
-0.75
0.7011001636800631
-0.12427061192213464
-0.43388789349880985
0.557109040167954
0.15673597988861043
0.0
0.0
0.0
0.0
0.8149849727389277
0.04026975596317063
0.36211263071779654
0.0
0.0
0.490744846341641
0.0
0.14005210630908604
0.0
0.0
0.0
0.0
0.415937360982068
0.08314012698087102
0.0
0.044634873819405486
0.00217895810353296
-0.027308478797138117
0.16606415713127357
0.0
0.0
0.0
0.11874067369316388
0.0
0.0
0.0
0.0
0.2557442509222887
0.0
0.0
0.0
0.0
0.11217628527732317
0.0
0.0
0.0
0.0
0.13750747501723498
0.0
0.0
0.0
0.0
0.02656918800489931
0.1925206358844306
0.0
0.0
0.0
0.096767913638317
0.0
0.0
0.0
0.0
0.0013942011420379685
0.2860744593713957
0.0
0.0
0.0
0.0
0.0
0.0
0.0
0.0
0.01869051221853998
0.0
0.0
0.10330144545389681
0.0
0.0
0.0
0.0
0.0
0.0
0.011083734118564878
0.0
0.0
0.0
0.0
0.0
0.0
0.0
0.0
0.0
0.0
0.0
0.0
0.0
0.0
0.0
0.0
0.0
0.0
0.0
0.0
0.0
0.0
0.0
0.0
0.0
0.0
0.0
0.0
0.0
0.0
0.0
0.0
0.0
0.0
0.0
0.0
0.0
0.0
0.0
0.0
0.0
0.0
0.0
0.0
0.0
0.0
0.0
0.0
0.0
0.0
0.0
0.0
0.0
0.0
0.0
0.0
0.0
0.0
0.0
0.0
0.0
0.0
0.0
0.0
0.0
0.0
0.0
0.0
0.0
0.0
0.0
0.0
0.0
0.0
0.0
0.0
0.0
0.0
0.0
0.0
0.0
0.0
0.0
0.0
-0.6375
0.6293920017208071
0.0
0.0
0.0
0.258460224143408
0.0
0.0
0.0
0.7039924221020296
-0.75
0.4247071150468516
0.0023759188334914355
0.0
0.0
0.21279568617519007
0.0
0.0
0.0
0.0
1.0503951660123851
0.0
0.0
0.0192968702076959
0.11282321079225202
0.8089299110354181
-0.15229111625884056
-0.2881064690266018
-0.42169194633838275
-0.7242802090456111
-0.47595013091638105
0.5449913376555551
0.10243638455070585
0.10545457473813126
0.08922635781197567
0.9771140660515257
0.0
0.1953641239857376
0.0
0.4066091531375155
-0.28278359652117946
0.0
0.0
0.0
0.43318200266736123
0.3490148715821044
0.06777617475665576
0.0
0.08393284582511247
0.07645929197341328
0.40881805282314115
0.0
0.0
0.0
0.0
0.23003713083556418
0.0037269880286702308
0.0
0.6004764319824533
0.0
0.18540251676616357
0.0
0.0
0.0
0.0
0.03938082426354361
0.19862196276436694
0.0
0.0
0.0
0.1010342577663712
0.0
0.23432765118772256
0.0
0.0
0.10650229548423168
0.0
0.0
0.038527159365836304
0.06385284337028382
0.25033935475932123
0.0
0.0
0.0
0.0
0.15138561290111607
0.02149581806460488
0.0
0.0025297105375811425
0.0
0.009974186540880494
0.0
0.0
0.0
0.0
0.011880480567587084
0.0
0.12001149967452408
0.0
0.0
0.001003404506499398
0.0
0.0
0.0
0.0
0.018771594808279855
0.0
0.0
0.0
0.0
0.041828199706045295
0.0
0.0
0.0
0.0
0.01685649448875297
0.0
0.0
0.0
0.0
0.0
0.0
0.0
0.0
0.0
0.0
0.0
0.0
0.0
0.0
0.0
0.0
0.0
0.0
0.0
0.0
0.0
0.0
0.0
0.0
0.0
0.0
0.0
0.0
0.0
0.0
0.0
0.0
0.0
0.0
0.0
0.0
0.0
0.0
0.0
0.0
0.0
0.0
0.0
0.0
0.0
0.0
0.0
0.0
0.0
0.0
0.0
0.0
0.0
0.0
0.0
0.0
0.0
0.0
0.0
0.0
0.0
0.0
0.0
0.0
0.0
0.0
0.0
0.0
0.0
0.0
0.0
0.0
0.0
0.0
0.0
0.0
0.0
0.0
0.0
0.0
0.0
0.0
0.0
0.0
-1.0804670793026183
0.7969264766041243
0.09273230402441333
0.18058592768758652
0.059687415721390795
0.29735258455913743
0.011558107633194958
0.0
0.0
0.0
0.37784977964316807
0.0
0.02681008548218592
0.0
0.0
0.2356620026481986
0.0
0.0
0.0
0.0
-0.5103540793176009
0.5393286976937418
0.04675699408941155
0.0
0.0
0.9056315862779409
0.2270610254476197
0.09104857864899271
0.06344455435273516
0.11311163732177273
-0.12005568261953421
0.2451378458296445
-0.43956052586447764
0.0
-0.7042332272140821
0.560236874235169
-1.3875
0.0
0.9752477100817991
0.047972785515114455
0.508506177111976
0.02376665841694028
0.0
0.0
0.0
1.1978919858852128
0.13139586772902193
0.0
0.15773201900048664
-0.1080358148935428
0.3980038167218681
0.0
0.0
0.0
0.06759965636872117
0.4530119022361401
0.0
0.0
0.0
0.06855707236490427
0.3282924047704908
0.0
0.0
0.0
0.0
0.07290037046367936
0.0
0.0
0.0
0.0
0.27659543716631724
0.0
0.0
0.0
0.0
0.0
0.5047590115811561
0.0
0.0
0.0
0.14133258715524752
0.0
0.0
0.0
0.0
0.11215718724365445
0.0
0.0
0.0
0.011435220688128264
0.15401368455588782
0.0
0.0
0.0
0.0
0.0025190575794261662
0.0
0.19937250671980927
0.0
0.0
0.01700303025485315
0.0
0.0
0.0
0.0
0.07646051705190363
0.0
0.0
0.0
0.0
0.00192754573383601
0.0
0.0
0.0
0.0
0.0018084330906812697
0.0
0.0
0.0
0.0
0.0
0.0
0.0
0.0
0.0
0.0
0.0
0.0
0.0
0.0
0.0
0.0
0.0
0.0
0.0
0.0
0.0
0.0
0.0
0.0
0.0
0.0
0.0
0.0
0.0
0.0
0.0
0.0
0.0
0.0
0.0
0.0
0.0
0.0
0.0
0.0
0.0
0.0
0.0
0.0
0.0
0.0
0.0
0.0
0.0
0.0
0.0
0.0
0.0
0.0
0.0
0.0
0.0
0.0
0.0
0.0
0.0
0.0
0.0
0.0
0.0
0.0
0.0
0.0
0.0
0.0
0.0
0.0
0.0
0.0
0.0
0.0
0.0
0.0
0.0
0.0
0.0
0.0
0.0
0.0
0.902669222216376
0.0
0.0
0.0
0.0
0.49438519080000887
0.0
0.0
0.0
-0.42937499999999984
0.37624636868585476
0.0
0.0
0.0
0.0
0.4209875281038943
-0.75
0.0
0.07109423735010889
0.0
0.017631966310756586
0.3690861752505844
0.0
0.08041218869487014
-0.75
0.6074924766688504
-0.32786676526153985
-0.16949324314178382
-0.2123729651634972
-0.3504018182045122
-0.75
0.003697842635123509
0.0
0.22996649696302315
0.0
0.8355199637905563
0.05557627260969299
0.04482790528302396
0.10019402184206909
0.16470113555891272
0.7288343883273342
0.0
0.0
0.0
0.0
0.4513285377694514
0.0
-0.05390239655313106
0.0
0.0
0.07222066618913828
0.0
0.0
0.0
0.3589840363036582
0.10627936575027741
0.0
0.0523932501737689
0.0
0.5215603167204216
0.3624597690459827
0.0
0.01992725398465594
0.01981578764263054
-0.006734350806729115
0.0
0.016614245866775804
0.0
0.3456310126489963
0.0
0.2188299601169562
0.0
0.0
0.0
0.0
0.06438999207883689
0.0
0.0
0.0
0.0
0.17800005229578653
0.0
0.0
0.0
0.0
5.631385493320313E-4
0.0
0.0
0.0
0.0699793318063017
0.21194429549653485
0.0
0.0
0.0
0.0
0.0594332192393295
0.0
0.0
0.0
0.0
0.06955810526057309
0.0
0.0
0.0
0.0
0.0
0.0
0.0
0.0
0.0
0.0
0.0
0.0
0.0
0.0
0.019862254362788538
0.0
0.0
0.0
0.0
2.409423308612851E-4
0.0
0.0
0.0
0.0
0.0
0.0
0.0
0.0
0.0
0.0
0.0
0.0
0.0
0.0
0.0
0.0
0.0
0.0
0.0
0.0
0.0
0.0
0.0
0.0
0.0
0.0
0.0
0.0
0.0
0.0
0.0
0.0
0.0
0.0
0.0
0.0
0.0
0.0
0.0
0.0
0.0
0.0
0.0
0.0
0.0
0.0
0.0
0.0
0.0
0.0
0.0
0.0
0.0
0.0
0.0
0.0
0.0
0.0
0.0
0.0
0.0
0.0
0.0
0.0
0.0
0.0
0.0
0.0
0.0
0.0
0.0
0.0
0.0
0.0
0.0
0.0
0.0
0.0
0.0
-0.6063375649200349
0.20213458194124756
-0.05625416475496506
0.0
-0.06107422058486977
-0.08523204110725542
0.003819313265481616
0.0
0.7181687242376524
0.0
0.028852110733947944
0.0
0.0
0.0
0.0
-0.6152623709429996
0.07447010380796071
0.0
0.0
0.0
-0.6148158307163124
-0.6375
-0.6291588415630336
-0.3488138791484352
-1.0178628296916616
-0.9869837667895398
-1.1513847147423226
-1.211164200640038
-0.6202249653873884
-1.353995826120705
-0.5829588171076594
0.13977889233946938
-0.36699245822774706
-0.43464250176527264
-0.6885309580897825
-0.8426902059010419
-0.6036375290935581
-0.558660986189292
-0.38221442069297884
-0.7313859845997829
-0.031166509187262215
0.04680981939781754
1.049547499587343
0.0
0.0
-0.08545464548309085
0.0903941413707318
0.04144808792902193
0.0
0.0
0.17877734602243683
0.0
0.0
0.0
0.0
-0.462151137044593
0.0
0.0
-0.06710681435721913
0.37623580028742215
5.266187751474557E-4
0.0
0.0
0.12257580786588135
0.0
0.02777069667175018
0.0
0.0
0.0
0.0
-0.011583147476412245
0.0
0.0
0.0
0.0
0.09202844357435516
0.0
0.0
0.0
0.0
0.12349756023892797
0.0
0.0
0.0
0.0
0.0517993732487097
0.0
0.0
0.0
0.0
-0.00757254896062827
0.15277876692015324
0.0
0.0
0.0
0.09628956085008655
0.0
0.0
0.0
0.0030458216044566156
0.022439820266850135
0.0
0.0
0.0
0.0
0.0023173934399362706
0.0
0.0
0.0
0.0
0.0031147623261440008
0.0
0.0
0.0
0.0
0.025979353086372656
0.0
0.01547609463127143
0.0
0.0
0.0
0.0
0.0
0.0
0.0
0.0
0.0
0.0
0.0
0.0
0.0
0.0
0.0
0.0
0.0
0.006726086759628012
0.0
0.0
0.0
0.0
0.0
0.0
0.0
0.0
0.0
0.0
0.0
0.0
0.0
0.0
0.0
0.0
0.0
0.0
0.0
0.0
0.0
0.0
0.0
0.0
0.0
0.0
0.0
0.0
0.0
0.0
0.0
0.0
0.0
0.0
0.0
0.0
0.0
0.0
0.0
0.0
0.0
0.0
0.0
0.0
0.0
0.0
0.0
0.0
0.0
0.0
0.0
0.0
0.0
0.0
0.0
0.0
0.0
0.0
0.0
0.0
0.0
0.0
0.0
0.0
-0.75
0.8363922084876481
0.20690609140333613
0.0
-0.05634985598812655
0.073153125
0.0
0.0
0.0
0.0
-0.01509341055244313
0.14571899457884355
0.0
0.0
0.0
0.17259959449381362
0.0
0.0
0.0
0.0
-0.5741283737214448
0.2942269927789404
-0.34430004525481855
-0.8507037540909882
-0.95161557925252
-0.773636746607495
-0.45164038412636565
-0.8266676950668644
-1.0189112252283317
-0.6991057220405394
-0.5121517132453719
-0.6346097517609137
-0.75
0.08297929433595155
-0.7096693377819995
-0.8958303510784893
-0.75
0.5858175182447106
-0.6614343359657077
-0.5249289295290754
-0.0032924643423096586
0.2389930503195692
0.0
0.0
4.057485305094209E-5
0.19302263537217063
0.12573290074411436
0.0
0.0
0.09329298523897682
0.19222270742599157
0.0
0.0
0.0
0.0
0.09972729671612733
0.4073000513588052
0.0
0.0
0.0
-0.02399499084881076
0.0
0.0
0.0
0.0
0.2495861253324231
0.0
0.013881557015803165
0.0
0.0
0.0
0.0
0.0
0.0
0.0
0.28449885956789045
0.0
0.0
0.0
0.0
0.16030265835427054
0.0
0.0
0.0
0.010117762123108677
0.14305066328686525
0.0
-0.0547753173338873
0.0
0.0
0.14180969344682806
0.0030934799288570153
0.0
0.0
0.0
0.0373363448615206
0.0
-0.01577163319515469
0.0
0.0
0.012326362610396943
0.0
0.0
0.0
0.0
0.08867705386888243
0.0
0.03665114449313286
0.0
0.0
0.017151946590482612
0.0
0.0
0.0
0.0
0.0940512362124036
0.0
0.0
0.0
0.0
0.032001770589962085
0.0
0.0
0.0
0.0
0.0027875300576310135
0.0
0.0
0.0
0.0
0.001473803616292618
0.0
0.0
0.0
0.0
0.006224565441705358
0.0
0.0
0.0
0.0
0.0
0.0
0.0
0.0
0.0
0.011660804883006191
0.0
0.0
0.0
0.0
0.0
0.0
0.0
0.0
0.0
0.0
0.0
0.0
0.0
0.0
0.0
0.0
0.0
0.0
0.0
0.0
0.0
0.0
0.0
0.0
0.0
0.0
0.0
0.0
0.0
0.0
0.0
0.0
0.0
0.0
0.0
0.0
0.0
0.0
0.0
0.0
0.0
0.0
0.0
0.0
0.0
0.0
0.0
0.0
0.0
0.0
0.0
0.0
0.0
0.0
-0.5557745726138228
0.8734801604775151
-1.3560349128746503
0.0
0.0
0.27936724775641747
0.10938251518428883
-0.005892869242156665
0.0
-0.75
-0.4977808973585967
1.4603978290252386
0.0
0.07044148572087941
0.0789448659656126
0.30212428104410455
0.0
0.0767317463365398
0.0
0.0
-0.10135460274474425
0.4468723791544283
-0.10688488969084609
0.14350005773423938
-0.042706937343008594
-0.07150658690798238
-0.37808632127153424
-0.3808926227026663
-0.4434736868990826
-0.6891285378992099
-0.6059740319456751
0.6377629526995797
-0.16133101534409233
0.13202069029543004
-0.0016463143240958975
-0.1025762161874533
-0.643542250668794
-0.5300954319373147
0.48295565565108156
-0.5656302792145966
0.2798541631337649
0.0
0.0
0.0
0.0
0.15306666431284843
0.0
0.0
-0.08387989064185015
0.0
-0.0032769685973198653
0.03588699865975711
0.0
0.0
0.0
0.2392212151000009
0.0
0.0
-0.028895614330361013
0.053800095142433245
0.2691095194343028
0.008587020208849444
0.0
0.0
0.0
0.2974899661248751
0.0
0.0
0.0
0.0
0.17302435117930148
0.0
0.0
0.0
0.0
0.1266555435999467
0.0
0.0
0.0
0.0
0.12265180191513582
0.0
0.0
0.0
0.0
0.08170248574222448
0.15953621418716407
0.04401131999300665
0.0
0.022437930464724202
0.09828416215877221
0.0
0.0
0.0
0.0
0.012149901019938724
0.0
0.0
0.21274316439817048
0.0
-0.05418070282643535
3.217122610037469E-4
0.0
0.0
0.0
0.07772246199793045
0.0
-0.008007491431081168
0.0
0.022985991661913917
0.04381831162951032
0.0
0.0
0.0
0.0
0.08807586372224586
0.0
0.0
0.0
0.0
0.0
0.0
0.0
0.0
0.0
0.0241887413832841
0.0
0.0
0.0
0.0
0.0
0.0
0.0
0.0
0.0
0.0019188550690335993
0.0
0.0
0.0
0.0
0.0
0.0
0.0
0.0
0.0
0.0
0.0
0.0
0.0
0.0
0.0
0.0
0.0
0.0
0.0
4.7659688723876664E-4
0.0
0.0
0.0
0.0
0.0
0.0
0.0
0.0
0.0
0.0
0.0
0.0
0.0
0.0
0.0
0.0
0.0
0.0
0.0
0.0
0.0
0.0
0.0
0.0
0.0
0.0
0.0
0.0
0.0
0.0
0.0
0.0
0.0
0.0
0.0
0.0
0.0
0.0
0.0
0.0
0.0
0.0
0.0
0.0
-0.044516505885738536
-0.11966996098485927
-0.4875878268217956
0.08719031828003773
0.0
-0.75
0.1542909679954862
0.0
0.0
0.0
-0.75
0.5559291979538655
0.0
0.0
0.0
-0.45039363901482116
-0.19420796012864597
0.7385920594681191
-0.4078369891344311
0.0
-0.51094788702102
-1.172069360498712E-4
-0.47758128561201807
0.0
0.0
0.13773504928039842
-0.30013150898440066
0.3627105644657706
-0.036739062170012354
0.174028731573345
-0.16045791904030948
0.6935284666896713
-0.6257828266342205
0.0
0.0
0.6895093685305598
0.16892306903111848
0.0
0.09360220573695406
-0.75
-0.03222997022330947
0.09081267242985488
0.0
0.0
0.12057639855834064
0.023437582131160206
0.018818244321700244
0.0
0.0
0.6253297105314146
0.0
0.0
0.0
0.0
0.1646097912884723
0.324969967997548
0.0
0.0
0.0
0.0
0.2739669057928273
0.0
0.0
0.0
0.0
0.17620446888539454
0.0
0.07047175503870176
0.0
0.0
0.2832460892445511
0.0
0.0
0.0
0.0
0.06443343850585029
0.0
0.0
0.0
0.0
0.006581952445053902
0.0
0.0
0.0
0.13599294647725063
0.04692051242611363
0.0
0.0
0.0
0.0
0.19151081899211064
0.0
0.0
0.0
0.02394603702288906
0.0
0.0
0.0
0.0
0.0
0.08361850076783355
0.0
0.0
0.0
0.0
0.0
0.0
0.0
0.175939356931496
0.0
0.12526015075148375
0.0
0.0
0.0
0.0
0.02329040541620775
0.0
0.0
0.0
0.0
0.0
0.0
0.10125
0.0
0.012862035511243607
0.0029961391433750164
0.0
0.0
0.0
0.0
0.0
0.0
0.0
0.0
0.0
0.0015684890625
0.0
0.0
0.0
0.0
0.0
0.0
0.0
0.0
0.0
0.0
0.0
0.0
0.0
0.0
0.0
0.0
0.0
0.0
0.0
0.0
0.0
0.0
0.0
0.0
0.0
0.0
0.0
0.0
0.0
0.0
0.0
0.0
0.0
0.0
0.0
0.0
0.0
0.0
0.0
0.0
0.0
0.0
0.0
0.0
0.0
0.0
0.0
0.0
0.0
0.0
0.0
0.0
0.0
0.0
0.0
0.0
0.0
0.0
0.0
0.0
0.0
0.0
0.0
0.0
-0.6965328568886959
0.30945378817101166
0.10355175633197221
0.0
0.0
-0.40979403493089084
-0.6063142071897203
-0.08647030316782565
0.0
0.0
1.0322347768962559
0.0
0.0
0.0
0.0
-0.7196462956259739
-0.5291293696256827
-0.029636174656931025
0.0030835675285494956
0.0
-0.4467148702995943
-0.07430525482872931
0.8552804356600673
-0.5142667936824892
0.0
0.35464098863776383
0.0
0.0
0.27037137267328165
0.17616515706786554
-0.006980140062052664
0.5601491925519794
-0.7426795327733806
-0.450043727029753
-0.6264650929326245
0.4981322884982833
0.0
0.0
-0.04521042221271547
0.006915600114314426
-0.44765297533361054
0.48178560247884766
0.0
0.0
0.0
0.5233345705136768
0.0
0.05766836669448372
0.0
0.0
0.29196640300228777
0.0
0.0
0.013059821193841106
0.0
0.31796362471334516
0.14208040275332023
0.0
0.0
0.024451785555872827
0.4772583833212979
0.0
0.0
0.0
0.0
0.21516928783891429
0.0
0.0
0.0
0.0
0.23256501274828545
0.0
0.0
0.0
0.016028518404563232
0.03958658414360964
0.0
0.0
0.04230300465627887
0.03981337013477831
0.0864272907342304
0.0
0.0
0.0
0.0
0.07419245150940092
0.0
0.0
0.04507208602935598
0.0
0.0
0.0
0.25640326516039963
0.0
0.0
0.01778997196054903
0.0
0.0
0.0
0.044374256709087866
0.29661518557717814
0.0
0.0
0.0
0.0
0.04270833197959207
0.0
0.0
0.0
0.0
0.0
0.0
0.0
0.0
0.03561969551830729
0.039418029594019285
0.0
0.0
0.0
0.0
0.019343560531005145
0.0
0.0
0.0
0.0
0.0
0.0
0.0
0.0
0.0
0.0
0.0
0.0
0.0
0.0
0.0
0.0
0.0
0.0
0.0
0.0
0.0
0.0
0.0
0.0
0.0
0.0
0.0
0.0
0.0
0.0
0.0
0.0
0.0
0.0
0.0
0.0
0.0
0.0
0.0
0.0
0.0
0.0
0.0
0.0
0.0
0.0
0.0
0.0
0.0
0.0
0.0
0.0
0.0
0.0
0.0
0.0
0.0
0.0
0.0
0.0
0.0
0.0
0.0
0.0
0.0
0.0
0.0
0.0
0.0
0.0
0.0
0.0
0.0
0.0
0.0
0.0
0.0
0.0
0.0
-0.5669955257415479
0.3323052863833268
0.0
0.04016588998850883
0.13428400736875482
-0.75
-0.7404104485317617
-0.0918338223918085
-0.10307117087297248
-0.626114661204537
-0.11250000000000004
-0.03681911965738745
0.7532605204050397
0.0
-0.75
-0.013490067879216514
0.0
-0.0015283915633208661
-0.514621680882428
0.0
-0.5666295388757163
0.468351688600108
0.0
0.12596004247876003
-0.75
-0.012141193148616558
-0.6326343366004601
-0.2131510974924853
-0.5086247456514962
-0.3762066236448719
-0.12387559011051238
0.4343564602698978
-0.5483390068146943
-0.555147119147611
-0.32804088971198736
-0.12182763000230357
-0.1008902354671819
0.8271716517304964
-0.4175496057930195
-0.13920839860858888
0.577992933271097
0.0
0.0
0.07623318723784685
0.0
-0.01789733187601618
0.0
0.013233370456015367
0.0
-0.6300150453986784
0.03969351055695267
0.0
0.0
0.0
-0.011286100376220722
-0.5075853011366221
0.04721278880898604
0.0
0.0
0.0
0.221163373459179
0.0
0.0
0.0
0.0
0.1040171551302648
0.0
0.0
0.0
0.0
0.0870158510965229
0.0
0.0
0.0
0.0
0.06071716047031788
0.0
0.0
0.0
0.18613832385502674
0.17275546172883124
0.0
0.0
0.0
0.0
0.03965448009673922
0.0
0.0
0.0
0.0
0.13859481942562324
0.0
0.0
0.0
0.005663407720484947
0.0314757681425824
0.0
0.0
0.0
0.0
0.14883204041270792
0.0
0.0
0.0
0.0
0.006163739248536734
0.0
0.0
0.0
0.0
0.030111719701383675
0.0
0.0
0.0
0.0
0.029328229104449065
0.0
0.0
0.0
0.0
0.0
0.0
0.0
0.0
0.0
4.741230759632336E-4
0.0
0.0
0.0
0.0
0.012289124785987563
0.0
0.0
0.0
0.0
6.44584388265751E-4
0.0
0.0
0.0
0.0
0.0
0.0
0.0
0.0
0.0
0.0
0.0
0.0
0.0
0.0
0.0
0.0
0.0
0.0
0.0
0.0
0.0
0.0
0.0
0.0
0.0
0.0
0.0
0.0
0.0
0.0
0.0
0.0
0.0
0.0
0.0
0.0
0.0
0.0
0.0
0.0
0.0
0.0
0.0
0.0
0.0
0.0
0.0
0.0
0.0
0.0
0.0
0.0
0.0
0.0
0.0
0.0
0.0
0.0
0.0
0.0
0.0
0.0
0.0
0.0
-0.08427815188170953
0.0
0.0
0.0
0.0
0.2664273960440053
0.0
0.0
0.0
0.0
-0.09560416458831758
0.75
0.0
0.0
0.0
-0.14425989779037066
0.0
0.0
0.0
0.013990508677659712
-0.04580164788090653
-0.2586443274537928
-0.6097147712551478
-0.11194536803366577
0.06460101358437562
0.41276418426521017
-1.0705692532926687
-1.253466509131382
-1.4390034267426632
-1.9694703753332203
-0.4056136188746188
-0.43482489703736893
-0.14328509729384037
-0.771716006672866
-0.37401282177282963
-0.6601889316406582
-0.6887276349524718
-0.8899154677434371
-0.2570329245153899
-1.42196441080614
-0.5652861320765183
0.0
0.0
0.027727008974291572
0.0
-0.07708093772044587
-0.11914875136475023
-0.75
-0.07043456498223727
-0.6293657101077947
0.22740131971506689
0.0
0.0
0.0
-0.03780729819557643
0.06545405649107983
0.3875945069732628
0.0
0.0
0.04811706173527114
0.018832526374377805
0.0
0.0
0.0
0.0
0.10832146183865017
0.0
0.0
0.0
-0.001903097625879767
0.12092479959807703
0.0
0.0
0.0
0.0
0.11906257450595478
0.0
0.0
0.0
0.0
0.01682791051205393
0.0
0.0
0.0
0.0
0.02671880577001888
0.0
0.0
0.0
0.0
0.1169887824947847
0.0
0.0
0.0
0.0
0.04586440491507031
0.0
0.0
0.0
0.0
0.13690335067475606
0.0
0.0
0.0
0.0
0.009547174493716322
0.0
0.0
0.0
0.019587269873989028
0.02562957290172684
0.0
0.0
0.0
0.0
0.002368014652966923
0.0
0.0
0.03396136189098604
0.0
0.009444876404142682
0.0
0.0
0.0
0.0
0.0
0.0
0.0
0.0
0.0
0.0
0.0
0.0
0.0
0.0
0.002901704765625
0.0
0.0
0.0
0.0
0.0
0.0
0.0
0.0
0.0
0.0
0.0
0.0
0.0
0.0
0.0
0.0
0.0
0.0
0.0
0.0
0.0
0.0
0.0
0.0
0.0
0.0
0.0
0.0
0.0
0.0
0.0
0.0
0.0
0.0
0.0
0.0
0.0
0.0
0.0
0.0
0.0
0.0
0.0
0.0
0.0
0.0
0.0
0.0
0.0
0.0
0.0
0.0
0.0
0.0
0.0
0.0
0.0
0.0
0.0
0.0
0.0
0.0
0.0
0.0
0.019776137231676268
0.0
0.0
0.0
-0.10299226291156767
0.0
0.0
0.0
0.0
0.0
0.10645897341865806
0.0
0.0
0.0
0.0
0.0
0.12209886445169335
0.0
0.0
0.0
-0.9475588272675313
0.0010673124630077024
-1.3875
-0.6758569806687521
-1.0989096031320633
-1.1238314543753827
-0.7360937047233336
-1.1517005425331084
-0.8376087850802183
-0.19030785974776748
-0.2025925336309723
-0.6356473337653492
-0.2964549608348575
0.38941768269467436
-0.24742567902915247
-0.592491032999583
-1.017345599668123
-1.1047953895548708
-0.7699900237313464
-0.9155717418008512
0.4710477570973279
-0.026186165262833343
0.08973912734502063
0.0
0.0
0.0939464409277494
0.0
0.011637765242591492
0.036761220785091565
0.21340582010571063
0.17882787408845163
0.0
0.0
0.0
0.0
0.10780903952596538
0.0
0.039023389570219856
0.0
0.0
0.11308483652698145
0.0
0.0
0.0
0.0
-0.1424165124656504
0.1827419482378663
0.0
0.0
0.008284778966102021
0.003026402617710779
0.0
0.0
0.0
0.0
-0.020038877895628228
0.044832888168286955
0.0
0.0
0.0
0.07341607873182833
0.0
0.0
0.0
0.0
0.1748156709447245
0.0
0.0
0.0
0.0
0.0
0.0
0.0
0.0
0.0
0.00968515428722161
0.11485367436991288
0.0
0.0
0.0
0.024490709178712503
0.0
0.0
0.0
0.0
0.05171218168920537
0.0
0.0
0.0
0.0
0.10010123889061234
0.0
0.0
0.0
0.0
0.008583879487197877
0.0
0.0
0.0
0.0
0.0
0.0
0.0
0.0
0.0
0.058747760271383856
0.0
0.0
0.0
0.0
0.0
0.0
0.0
0.0
0.0
0.0
0.0
0.0
0.0
0.0
0.0
0.0
0.0
0.0
0.0
0.004976728152650179
0.0
0.0
0.0
0.0
0.0
0.0
0.0
0.0
0.0
0.0
0.0
0.0
0.0
0.0
0.0
0.0
0.0
0.0
0.0
0.00559754031993625
0.0
0.0
0.0
0.0
0.0
0.0
0.0
0.0
0.0
0.0
0.0
0.0
0.0
0.0
0.0
0.0
0.0
0.0
0.0
0.0
0.0
0.0
0.0
0.0
0.0
0.0
0.0
0.0
0.0
0.0
0.0
0.0
0.0
0.0
0.0
0.12530162063165218
0.0
0.0
0.0
-0.6375
0.04750339716704709
0.0
0.0
0.0
0.07062204352548224
0.0
0.0
0.0
0.0
0.12878379745890706
0.0
0.0
0.0
0.0
-0.5423637303577235
-0.04381138054965818
-0.3571692101208731
-0.614566069133649
-0.4510718025350429
-0.6960835844720543
-0.5495799517050908
-1.0960580126625412
-0.32090730676064
-0.7903643864153516
-0.4674996815528635
-0.3868288875986254
0.04231219650022891
-0.710101921693431
-0.7304815149956772
-0.9542116954216674
-0.873748593241148
0.29093951871507434
-0.660986257815046
-1.2354893304735706
-0.6917012949861153
-0.75
-0.7400329524938697
-0.03573191698014447
0.1965022377962651
-0.07100684076560258
0.012611987970884773
0.0
1.0175664490460838
0.0
0.20361099422948073
0.0
0.0
0.0
0.0
0.0
0.0
0.0
0.0
0.8164876947354687
0.04751602574802247
0.0
0.0
0.0
0.0
0.18465978779067604
0.0
0.0
0.0
0.0
0.18633999053482114
0.0
0.0
0.0
0.0
0.3187923191535723
0.0
0.0
0.0
0.0
-0.03776728376903227
0.0
0.0
0.0
0.0
0.03319599683273476
0.0
0.0
0.0
0.0025641232369984454
0.07274559698108209
0.0
0.0
0.0
0.0
0.19313914509613953
0.0
0.0
0.0
0.0
0.023309028183055153
0.0
0.0
0.0
0.0
0.07758035144411704
0.0
0.0
0.0
0.0
0.0
0.0
0.04277383113197307
0.0
0.0
0.14150904875780168
0.0
0.0
0.0
0.0
3.202069757679745E-5
0.0
0.0
0.0
0.01121573126973485
0.03808732048770567
0.0
0.0
0.0
0.0
0.0
0.0
0.0
0.0
0.0
0.0019007448095604137
0.0
0.0
0.0
0.01842709939613661
0.009875671875000002
0.0
0.0
0.0
0.0
0.0
0.0
0.0
0.0
0.0
0.0
0.0
0.0
0.0
0.0
0.031113042401958613
0.0
0.0
0.0
0.0
0.0
0.0
0.0
0.0
0.0
0.0
0.0
0.0
0.0
0.0
0.0
0.0
0.0
0.0
0.0
0.0
0.0
0.0
0.0
0.0
0.0
0.0
0.0
0.0
0.0
0.0
0.0
0.0
0.0
0.0
0.0
0.0
0.0
0.0
0.0
0.0
0.0
0.0
0.0
0.0
-0.5335539386484208
0.3575345532568615
0.0
0.0
0.0
-0.01383682874093943
0.023171571995603445
0.0
0.0
0.0
0.021576242047545685
0.0
0.0
0.0
0.0
0.2489455732415921
0.0
0.0
0.0
0.0
-0.6741168615459918
-0.9136861977800568
-1.1546607502502764
-0.9977742474063964
-0.2543803091187884
-0.334777617637811
-0.6144726852143303
-0.6807607217955816
0.044669948486083536
-0.6479724230207923
-0.4260093890425801
-0.21264914773804047
-0.3997585272395988
0.5506627742000838
0.0
-0.6375
0.1104645936016379
-0.5730952362847562
-0.09056714598080903
-0.6401074373720901
0.0
0.0
0.14395295523185597
0.0
0.0
0.25648649187633255
0.0
-0.39453819442178834
0.0
0.0
0.0
0.0
0.007703213448116485
0.28498721300844143
0.0
0.42599856290702354
0.0
0.03571231119251322
0.1529513701137638
0.12119762091648122
0.10960817223577093
0.0
0.0
0.0
0.0
0.2773877406997584
0.0
0.0
0.0
0.0
0.04756360689418334
0.0
0.0
0.015715440468704513
0.0
0.2655003451195148
0.008383539300852165
0.0
0.0
0.0
0.0022576386068959074
0.0
0.0
0.0
0.0
0.15825763042441937
0.0
0.0
0.0
0.0
0.24121035715175324
0.0
0.0
0.0
0.0
0.1680319678782188
0.0
0.0
0.0
0.0
0.02659761074168074
0.0
0.0
0.0
0.0
0.02521310797914872
0.0
0.0
0.0
0.0
0.007478796052846999
0.0
0.0
0.0
0.0
0.04322760558896936
0.0
0.0
0.0
0.0
0.0
0.0
0.0
0.0
0.0
0.0
0.0
0.0
0.0
0.017309667501529437
1.3003852664355468E-4
0.0
0.0
0.0
0.0
0.008972814133120698
0.0
0.0
0.0
0.0
0.0
0.0
0.0
0.0
0.0
0.0
0.0
0.0
0.0
0.0
0.0
0.0
0.0
0.0
0.0
0.0
0.0
0.0
0.0
0.0
0.0
0.0
0.0
0.0
0.0
0.0
0.0
0.0
0.0
0.0
0.0
0.0
0.0
0.0
0.0
0.0
0.0
0.0
0.0
0.0
0.0
0.0
0.0
0.0
0.0
0.0
0.0
0.0
0.0
0.0
0.0
0.0
0.0
0.0
0.0
0.0
0.0
0.0
0.0
0.0
-0.2857559178116286
0.4289673753585115
0.0
0.0
-0.7447419747005237
0.26627638599745534
0.0
0.0
0.0
0.0
-0.44178923535349246
0.0
0.019768503348183464
0.0
0.0
-0.6547576474081953
0.05035234054552201
0.0
0.0
0.0
-0.6003488102106731
-0.564085092406319
-0.321498726380635
0.9229088019795749
-0.5668882798850102
-0.2783386505599398
0.027897873261187884
-0.4034157540509589
-0.3572129478010089
-0.7798371392997984
-0.75
-0.6254167969153377
-0.4777267232546647
-0.011698775144502016
0.5000932132008417
-0.7983697103031182
-1.1980256059343357
-0.447131041256734
0.6459419462528162
-0.35548615178757104
-0.5160990061982401
-0.6491752511991868
-1.1556936177299402
0.27953594494540257
0.0
0.23542119717104965
0.040501021615409055
-0.023457780964269773
0.14227132266661066
0.0
0.10627133580412035
0.0
0.0
0.0
0.0
0.39987122716319473
0.0
0.06884662459087806
0.0
0.0
0.0
0.24360704046486165
0.014946128692474367
0.0
0.03890915483561853
0.0
0.14094639730762779
0.0
0.0
0.0
0.013816519923287673
0.0
0.0
0.0
0.0
0.017037087170035395
0.27525537515814436
0.0
0.1817078861396049
0.0
0.11410785344109772
0.0
0.0
0.0
0.0
0.029822145377987257
0.0
-0.15256783678033276
0.0
0.0
0.04481527985241579
0.0
0.0
0.0
0.0
0.1351600372284604
0.0
0.0
0.028423005671385868
0.0
7.219548015732289E-4
0.0
0.0
0.0
0.0
0.0741988022074513
0.0
0.0
0.0
0.0
0.0
0.0
0.0
0.0
0.0
0.057814889381363026
0.0
0.0
0.003096016554604996
0.0
0.010150426750969124
0.0
0.0
0.0
0.0
0.019153720308205956
0.024527302438499394
0.0
0.0
0.0
0.0
0.0
0.0
0.02397373082878774
0.0
0.02026042846669257
0.0
0.0
0.0
0.0
0.0
0.0
0.0
0.0
0.0
0.003512022784912842
0.0
0.0
0.0
0.0
0.0
0.0
0.0
0.0
0.0
0.0
0.0
0.0
0.0
0.0
0.0
0.0
0.0
0.0
0.0
0.0
0.0
0.0
0.0
0.0
0.0
0.0
0.0
0.0
0.0
0.0
0.0
0.0
0.0
0.0
0.0
0.0
0.0
0.0
0.0
0.0
0.0
0.0
0.0
0.0
0.0
0.0
0.0
0.0
0.0
0.0
0.0
0.0
0.0
0.0
-0.5851291636892165
1.2541971382084174
-0.75
0.0
0.05944295690592822
-0.014749574197463658
0.24122244793828254
0.0
0.0
0.0
-0.6375
0.06513719785254732
0.0
0.0
0.0
0.0
0.0
0.0
0.0
0.34058091237271393
-0.5570777953503981
0.6576565404297573
-0.7049268927196916
-0.6937871502802646
-0.45477130314214725
-1.3090637895434516
-1.2135311199206584
-2.3570435623647468
-1.2923191442145723
-1.5397669908571265
-0.32545905836853906
-0.11715298178318946
-0.14828571937958535
-0.18115424693058563
0.5220667856811625
-0.6375368993694313
-0.9873541619772295
-1.3477440712251592
-1.1893567001011633
-1.5253783483959393
1.0373469450022055
0.0
0.0
0.0
0.0
-0.029459708719045644
-0.10133661988189607
-0.09400296926557788
0.25264246577916794
0.0
0.09699519869997102
0.0
0.0
0.0
0.0
-0.004165622719281503
-0.006234475663000341
0.0
0.0
0.18717550424563106
0.30562815279720346
0.0
0.0
0.0
0.0
-0.03139301121931953
0.0
0.0
0.0
0.0
0.02665701401423049
0.0
0.0
0.11551932454206212
0.0
0.13749772080620293
0.0
-0.10752068370113001
0.0
0.0
0.2533419125018248
0.0
0.0
0.0
0.0
0.06084374538601943
0.0
0.0
0.0
0.0
0.006097166131934687
0.0
0.0
0.0
0.0
0.0
0.18466079632535426
0.0
0.0
0.0
0.0482174929785865
0.0
0.0
0.0
0.0
0.035676592416641666
0.0
0.0
0.0
0.0
0.0043141149384567515
0.0
0.0
0.0
0.0
0.01469720398571829
0.0
0.0
0.0
0.0
0.020697875588354977
0.0
0.0
0.0
0.0
0.0
0.0
0.008656178539704852
0.0
0.0
0.01364152680245574
0.0
0.0
0.0
0.0
0.020889730697268953
0.0
0.0
0.0
0.0
0.0
0.0
0.0
0.0
0.0
8.981383984593519E-4
0.0
0.0
0.0
0.0
5.663397080396761E-4
0.0
0.0
0.0
0.0
0.0
0.0
0.0
0.004255612366593684
0.0
0.0
0.0
0.0
0.0
0.0
0.0
0.0
0.0
0.0
0.0
0.0
0.0
0.0
0.0
0.0
0.0
0.0
0.0
0.0
0.0
0.0
0.0
0.0
0.0
0.0
0.0
0.0
0.0
0.0
0.0
0.0
0.0
0.0
0.0
0.0
0.0
0.0
0.0
0.0
0.0
-0.04435045164824689
-0.050101133394919645
0.0
0.0
0.0
0.0
0.0
0.0
0.10741307941755848
0.0
-0.6147001763676326
0.23852128894906283
0.0
0.0
0.0
-0.7067177658518115
0.0
0.18594464390093038
0.0
0.0
-0.37262553595292935
-0.16954251427680544
-0.6372226272640042
-0.5847348473500625
-0.566881941900162
-1.2491608351249386
-0.6973107234243172
-1.4122911924066561
-1.0127434240343705
-1.7792218257032768
-0.75
-0.37439691018146765
-0.5435629919855636
0.05074905460446647
-0.7261039557172425
-0.8899296895176292
-1.3056013785549179
-2.0706758353354444
-1.2830509338115488
-1.939180208888786
0.2926334494295342
0.0
0.0
0.0
0.0
-0.07301488093752295
0.17494803983319096
0.0
-0.06043707412215541
0.0
0.0498642082789431
0.0
0.0
0.0
0.0
-0.04704159749594525
0.16726181803897405
-0.10269137126344258
0.0
0.13324527226998018
0.05049621680978387
0.0
0.0
0.0
0.0
0.051334798209350954
0.0
0.0
0.0
0.0
-0.007291909845464654
0.0
0.0
0.0
0.0
0.06169282080564153
0.12986190289881278
0.0
0.0
0.0
0.0
0.0
0.0
0.0
0.0073892870094607556
0.04800949674479038
0.0
0.0
0.0
-0.03640962613271531
0.0
0.0
0.0
0.0
-0.055848245942396776
0.05892196663213667
0.0
0.0
0.0
0.0
0.001643446278000848
0.0
0.0
0.0
0.0
0.008648392486566259
-0.07022167837997982
0.0
0.0
0.0
0.0
0.0
0.0
0.0
0.0
0.01769927350547376
0.0
0.0
0.0
0.0
0.0
0.0
0.0
0.0
0.0
0.008461483617011425
0.0
0.0
0.0
0.0
0.012334779809777964
0.0
0.0
0.0
0.0
0.00915446986063894
0.0
0.0
0.0
0.02701048063497957
1.8129473172487948E-4
0.0
0.0
0.0
0.0
0.0
0.0
0.0
0.0
0.0
0.0
0.0
0.0
0.0
0.0
0.0
0.0
0.0
0.0
0.0
0.0
0.0
0.0
0.0
0.0
0.0
0.0
0.0
0.0
0.0
0.0
0.0
0.0
0.0
0.0
0.0
0.0
0.0
0.0
0.0
0.0
0.0
0.0
0.0
0.0
0.0
0.0
0.0
0.0
0.0
0.0
0.0
0.0
0.0
0.0
0.0
0.0
0.0
0.0
0.0
