0.0
0.2727272727272727
0.2857142857142857
0.41935483870967744
0.4146341463414634
0.39215686274509803
0.3770491803278688
0.36619718309859156
0.37037037037037035
0.38461538461538464
0.39603960396039606
0.40540540540540543
0.4049586776859504
0.4351145038167939
0.425531914893617
0.41721854304635764
0.4409937888198758
0.4444444444444444
0.44751381215469616
0.4397905759162304
0.43781094527363185
0.44075829383886256
0.43891402714932126
0.43722943722943725
0.44398340248962653
0.450199203187251
0.4521072796934866
0.45387453874538747
0.4555160142348754
0.46048109965635736
0.45182724252491696
0.4533762057877814
0.46105919003115264
0.4652567975830816
0.4633431085043988
0.46153846153846156
0.4626038781163435
0.46630727762803237
0.46194225721784776
0.45524296675191817
0.45885286783042395
0.45012165450121655
0.4513064133016627
0.45011600928074247
0.45351473922902497
0.4501108647450111
0.4490238611713666
0.4543524416135881
0.4594594594594595
0.45621181262729127
0.45708582834331335
0.4598825831702544
0.45681381957773515
0.4576271186440678
0.45471349353049906
0.4519056261343013
0.4563279857397504
0.45884413309982486
0.4612736660929432
0.4619289340101523
0.45923460898502494
0.45662847790507366
0.45893719806763283
0.45641838351822506
0.4539781591263651
0.45468509984639016
0.4583963691376702
0.45454545454545453
0.4566813509544787
0.4573082489146165
0.4607703281027104
0.46554149085794655
0.46740638002773927
0.4692202462380301
0.4669365721997301
0.46604527296937415
0.46780551905387646
0.4669260700389105
0.46350832266325226
0.4639696586599241
0.4631710362047441
0.45869297163995065
0.4591961023142509
0.45968712394705175
0.45659928656361476
0.4535840188014101
0.454123112659698
0.4569460390355913
0.45970488081725314
0.45791245791245794
0.46059933407325193
0.4632272228320527
0.46362649294245384
0.46186895810955964
0.46014877789585545
0.45846477392218715
0.4588969823100936
0.45829042224510813
0.4617737003058104
0.46417759838546924
0.46253746253746253
0.4638971315529179
0.4632713026444662
0.46750727449078566
0.4678194044188281
0.467174119885823
0.4646559849198869
0.4631185807656396
0.46253469010175763
0.46379468377635197
0.4641235240690282
0.46534653465346537
0.46743978590544155
0.46595932802829354
0.4662576687116564
0.46655082536924414
0.46683893195521103
0.4671221178479932
0.46994072819644367
0.471872376154492
0.4704412989175687
0.4715111478117259
0.4692874692874693
0.4687246141348497
0.46978243352135374
0.4708233413269384
0.47026169706582077
0.4689221085759245
0.4707259953161593
0.47250193648334626
0.47425057647963104
0.47292143401983217
0.47312641937925815
0.4718256949661908
0.4720357941834452
0.4722427831236121
0.47171197648787655
0.47191830780452226
0.4728457639391745
0.4716031631919482
0.47180585296216987
0.4727143869596031
0.4729064039408867
0.47309573724668064
0.4739764052741152
0.47484493452791177
0.4722792607802875
0.4738273283480625
0.474679270762998
0.47283702213279677
0.4743504330446369
0.4738583719391132
0.47337278106508873
0.4722403657740039
0.4737183646982479
0.4738878143133462
0.4734144778987828
0.47358370464672184
0.4731182795698925
0.47454431175361406
0.4740787008119925
0.47361887026691496
0.4743985194324491
0.47455548743102394
0.4753199268738574
0.47486371895820717
0.47561709813365444
0.47695990424895274
0.4776918500892326
0.47841513897102306
0.47677836566725457
0.4774985388661601
0.4770482277745497
0.4777585210860774
0.47731188971855254
0.4768703597944032
0.47586598523566154
0.4743083003952569
0.4738910724312184
0.47571189279731996
0.47584675180455305
0.47653230259525126
0.47666117517847334
0.4773347897323867
0.47582835415535035
0.4759589411129119
0.47716281569048896
0.47728487439871725
0.4768740031897927
0.4769962982548916
0.47711730668069435
0.47671376242804814
0.4773555439875065
0.47747281201450026
0.4781040700669758
0.47821629933367504
0.47730749617542073
0.4764079147640791
0.47602221100454317
0.47463586137619285
0.4757621189405297
0.47538538040775735
0.47501237011380504
0.4741506646971935
0.47280744732974034
0.47294002925402245
0.4725861232411451
0.4732013520038629
0.4718885151369534
0.47250119560019127
0.4712041884816754
0.4708668877309332
0.47053276756247053
0.47160957297043643
0.47080803362914525
0.4709437470943747
0.47061545580749653
0.4707508060801474
0.47042640990371387
0.4714742126882702
0.4720581553839164
0.47173224785165085
0.4709590274651058
0.47064096817570594
0.47121820615796517
0.4713460684140382
0.47058823529411764
0.4720387494495817
0.4725997369574748
0.47315582714971627
0.4728378965667101
0.47295543054954564
0.4722102542007755
0.47147147147147145
0.4707390004271679
0.47213951509995744
0.4726810673443456
0.47195276254744833
0.4724905501889962
0.47176913425345046
0.47188671386922115
0.47158855246785564
0.4729450640231309
0.47223364870423695
0.4715280622695617
0.47164422684618523
0.4717594473791142
0.47106434641845407
0.4719871019750101
0.47250100361300684
0.4726109556177529
0.4739147749900438
0.4740182467274891
0.474516001580403
0.4742227469500197
0.47432379459035673
0.47442405310425617
0.47413457798521974
0.4746222394420767
0.4743342338865303
0.4744329104190696
0.474147836078131
0.4746280045784052
0.475484606613455
0.4755774327906096
0.47642399094681254
0.47651258925216083
0.47697491576188694
0.47668780305856023
0.4767744332961724
0.47760088855979266
0.47768351161932865
0.47813303932377804
0.47894544123031857
0.479022254651587
0.47946201381315884
0.4798985874683086
0.4796102490075785
0.47896440129449835
0.4783231816553207
0.47804355587290254
0.47705442902881534
0.47749025168380005
0.4772165312610385
0.47729672650475186
0.4763240968081375
0.4757077944774554
0.47614071752002785
0.47761194029850745
0.47699757869249393
0.4760427438814202
0.47646856750257643
0.4762067785005135
0.4756055953599454
0.47568854131247873
0.4754320569298543
0.4755150287065181
0.4752608549309997
0.47567930224756794
0.4757606151788699
0.4761746084638454
0.47525738957157093
0.4750082754054949
0.4737710326624876
0.47287076619533047
0.4716486397902327
0.4714145704018295
0.47183327906219474
0.4706264199935086
0.4707214493691362
0.47017091260883587
0.46994535519125685
0.4706824735661647
0.47077610986905144
0.4705507800063674
0.47159631862900664
0.47105346409364124
0.4714601072216966
0.4715498270983967
0.4710122218740207
0.4711027803811309
0.47150420429772655
0.4712822104936355
0.47137109254100895
0.4720765195927183
0.4715472162411566
0.4713278135541245
0.47080403546316113
0.469978665041146
0.4706776055910058
0.4704634959103302
0.47085472666868017
0.4712436013249021
0.4710297208045632
0.47111643220592636
0.4706057893166219
0.4706932460577209
0.47018688816374965
0.4696835255841467
0.4703627248599233
0.4704498676859747
0.47024333040164173
0.47062262496346097
0.47012532789274264
0.4696309212438245
0.46913937988988696
0.4695174804969662
0.4693171996542783
0.46969261706406207
0.4692065310799198
0.0
0.0
0.0
0.0
0.0
0.0
0.0
0.0
0.0
0.0
0.0
0.0
0.0
0.0
0.0
0.0
0.0
0.0
0.0
0.0
0.0
0.0
0.0
0.0
0.0
0.0
0.0
0.0
0.0
0.0
0.0
0.0
0.0
0.0
0.0
0.0
0.0
0.0
0.0
0.0
0.0
0.0
0.0
0.0
0.0
0.0
0.0
0.0
0.0
0.0
0.0
0.0
0.0
0.0
0.0
0.0
0.0
0.0
0.0
0.0
0.0
0.0
0.0
0.0
0.0
0.0
0.0
0.0
0.0
0.0
0.0
0.0
0.0
0.0
0.0
0.0
0.0
0.0
0.0
0.0
0.0
0.0
0.0
0.0
0.0
0.0
0.0
0.0
0.0
0.0
0.0
0.0
0.0
0.0
0.0
0.0
0.0
0.0
0.0
0.0
0.0
0.0
0.0
0.0
0.0
0.0
0.0
0.0
0.0
0.0
0.0
0.0
0.0
0.0
0.0
0.0
0.0
0.0
0.0
0.0
0.0
0.0
0.0
0.0
0.0
0.0
0.0
0.0
0.0
0.0
0.0
0.0
0.0
0.0
0.0
0.0
0.0
0.0
0.0
0.0
0.0
0.0
0.0
0.0
0.0
0.0
0.0
0.0
0.0
0.0
