0000    0    0    0    0    0
0001    0    0    0    0    0
0002    0    0    0    0    0
0003    0    0    0    0    0
0010    0    0    0    0    0
0011    0    0    0    0    0
0012    0    0    0    0    0
0013    0    0    0    0    0
0020    0    0    0    0    0
0021    0    0    0    0    0
0022    0    0    0    0    0
0023    0    0    0    0    0
0030    0    0    0    0    0
0031    0    0    0    0    0
0032    0    0    0    0    0
0033    0    0    0    0    0
0040    0    0    0    0    0
0041    0    0    0    0    0
0042    0    0    0    0    0
0043    0    0    0    0    0
0050    0    0    0    0    0
0051    0    0    0    0    0
0052    0    0    0    0    0
0053    0    0    0    0    0
0060    0    0    0    0    0
0061    0    0    0    0    0
0062    0    0    0    0    0
0063    0    0    0    0    0
0070    0    0    0    0    0
0071    0    0    0    0    0
0072    0    0    0    0    0
0073    0    0    0    0    0
0080    0    0    0    0    0
0081    0    0    0    0    0
0082    0    0    0    0    0
0083    0    0    0    0    0
0090    0    0    0    0    0
0091    0    0    0    0    0
0092    0    0    0    0    0
0093    0    0    0    0    0
0100    0    0    0    0    0
0101    0    0    0    0    0
0102    0    0    0    0    0
0103    0    0    0    0    0
0110    0    0    0    0    0
0111    0    0    0    0    0
0112    0    0    0    0    0
0113    0    0    0    0    0
0120    0    0    0    0    0
0121    0    0    0    0    0
0122    0    0    0    0    0
0123    0    0    0    0    0
0130    0    0    0    0    0
0131    0    0    0    0    0
0132    0    0    0    0    0
0133    0    0    0    0    0
0140    0    0    0    0    0
0141    0    0    0    0    0
0142    0    0    0    0    0
0143    0    0    0    0    0
0150    0    0    0    0    0
0151    0    0    0    0    0
0152    0    0    0    0    0
0153    0    0    0    0    0
0160    0    0    0    0    0
0161    0    0    0    0    0
0162    0    0    0    0    0
0163    0    0    0    0    0
0170    0    0    0    0    0
0171    0    0    0    0    0
0172    0    0    0    0    0
0173    0    0    0    0    0
0180    0    0    0    0    0
0181    0    0    0    0    0
0182    0    0    0    0    0
0183    0    0    0    0    0
0190    0    0    0    0    0
0191    0    0    0    0    0
0192    0    0    0    0    0
0193    0    0    0    0    0
0200    0    0    0    0    0
0201    0    0    0    0    0
0202    0    0    0    0    0
0203    0    0    0    0    0
0210    0    0    0    0    0
0211    0    0    0    0    0
0212    0    0    0    0    0
0213    0    0    0    0    0
0220    0    0    0    0    0
0221    0    0    0    0    0
0222    0    0    0    0    0
0223    0    0    0    0    0
0230    0    0    0    0    0
0231    0    0    0    0    0
0232    0    0    0    0    0
0233    0    0    0    0    0
0240    0    0    0    0    0
0241    0    0    0    0    0
0242    0    0    0    0    0
0243    0    0    0    0    0
0250    0    0    0    0    0
0251    0    0    0    0    0
0252    0    0    0    0    0
0253    0    0    0    0    0
0260    0    0    0    0    0
0261    0    0    0    0    0
0262    0    0    0    0    0
0263    0    0    0    0    0
0270    0    0    0    0    0
0271    0    0    0    0    0
0272    0    0    0    0    0
0273    0    0    0    0    0
0280    0    0    0    0    0
0281    0    0    0    0    0
0282    0    0    0    0    0
0283    0    0    0    0    0
0290    0    0    0    0    0
0291    0    0    0    0    0
0292    0    0    0    0    0
0293    0    0    0    0    0
0300    0    0    0    0    0
0301    0    0    0    0    0
0302    0    0    0    0    0
0303    0    0    0    0    0
0310    0    0    0    0    0
0311    0    0    0    0    0
0312    0    0    0    0    0
0313    0    0    0    0    0
0320    0    0    0    0    0
0321    0    0    0    0    0
0322    0    0    0    0    0
0323    0    0    0    0    0
0330    0    0    0    0    0
0331    0    0    0    0    0
0332    0    0    0    0    0
0333    0    0    0    0    0
0340    0    0    0    0    0
0341    0    0    0    0    0
0342    0    0    0    0    0
0343    0    0    0    0    0
0350    0    0    0    0    0
0351    0    0    0    0    0
0352    0    0    0    0    0
0353    0    0    0    0    0
0360    0    0    0    0    0
0361    0    0    0    0    0
0362    0    0    0    0    0
0363    0    0    0    0    0
0370    0    0    0    0    0
0371    0    0    0    0    0
0372    0    0    0    0    0
0373    0    0    0    0    0
0380    0    0    0    0    0
0381    0    0    0    0    0
0382    0    0    0    0    0
0383    0    0    0    0    0
0390    0    0    0    0    0
0391    0    0    0    0    0
0392    0    0    0    0    0
0393    0    0    0    0    0
0400    0    0    0    0    0
0401    0    0    0    0    0
0402    0    0    0    0    0
0403    0    0    0    0    0
0410    0    0    0    0    0
0411    0    0    0    0    0
0412    0    0    0    0    0
0413    0    0    0    0    0
0420    0    0    0    0    0
0421    0    0    0    0    0
0422    0    0    0    0    0
0423    0    0    0    0    0
0430    0    0    0    0    0
0431    0    0    0    0    0
0432    0    0    0    0    0
0433    0    0    0    0    0
0440    0    0    0    0    0
0441    0    0    0    0    0
0442    0    0    0    0    0
0443    0    0    0    0    0
0450    0    0    0    0    0
0451    0    0    0    0    0
0452    0    0    0    0    0
0453    0    0    0    0    0
0460    0    0    0    0    0
0461    0    0    0    0    0
0462    0    0    0    0    0
0463    0    0    0    0    0
0470    0    0    0    0    0
0471    0    0    0    0    0
0472    0    0    0    0    0
0473    0    0    0    0    0
0480    0    0    0    0    0
0481    0    0    0    0    0
0482    0    0    0    0    0
0483    0    0    0    0    0
0490    0    0    0    0    0
0491    0    0    0    0    0
0492    0    0    0    0    0
0493    0    0    0    0    0
0500    0    0    0    0    0
0501    0    0    0    0    0
0502    0    0    0    0    0
0503    0    0    0    0    0
0510    0    0    0    0    0
0511    0    0    0    0    0
0512    0    0    0    0    0
0513    0    0    0    0    0
0520    0    0    0    0    0
0521    0    0    0    0    0
0522    0    0    0    0    0
0523    0    0    0    0    0
0530    0    0    0    0    0
0531    0    0    0    0    0
0532    0    0    0    0    0
0533    0    0    0    0    0
0540    0    0    0    0    0
0541    0    0    0    0    0
0542    0    0    0    0    0
0543    0    0    0    0    0
0550    0    0    0    0    0
0551    0    0    0    0    0
0552    0    0    0    0    0
0553    0    0    0    0    0
0560    0    0    0    0    0
0561    0    0    0    0    0
0562    0    0    0    0    0
0563    0    0    0    0    0
0570    0    0    0    0    0
0571    0    0    0    0    0
0572    0    0    0    0    0
0573    0    0    0    0    0
0580    0    0    0    0    0
0581    0    0    0    0    0
0582    0    0    0    0    0
0583    0    0    0    0    0
0590    0    0    0    0    0
0591    0    0    0    0    0
0592    0    0    0    0    0
0593    0    0    0    0    0
1000    0    0    0    0    0
1001    0    0    0    0    0
1002    0    0    0    0    0
1003    0    0    0    0    0
1010    0    0    0    0    0
1011    0    0    0    0    0
1012    0    0    0    0    0
1013    0    0    0    0    0
1020    0    0    0    0    0
1021    0    0    0    0    0
1022    0    0    0    0    0
1023    0    0    0    0    0
1030    0    0    0    0    0
1031    0    0    0    0    0
1032    0    0    0    0    0
1033    0    0    0    0    0
1040    0    0    0    0    0
1041    0    0    0    0    0
1042    0    0    0    0    0
1043    0    0    0    0    0
1050    0    0    0    0    0
1051    0    0    0    0    0
1052    0    0    0    0    0
1053    0    0    0    0    0
1060    0    0    0    0    0
1061    0    0    0    0    0
1062    0    0    0    0    0
1063    0    0    0    0    0
1070    0    0    0    0    0
1071    0    0    0    0    0
1072    0    0    0    0    0
1073    0    0    0    0    0
1080    0    0    0    0    0
1081    0    0    0    0    0
1082    0    0    0    0    0
1083    0    0    0    0    0
1090    0    0    0    0    0
1091    0    0    0    0    0
1092    0    0    0    0    0
1093    0    0    0    0    0
1100    0    0    0    0    0
1101    0    0    0    0    0
1102    0    0    0    0    0
1103    0    0    0    0    0
1110    0    0    0    0    0
1111    0    0    0    0    0
1112    0    0    0    0    0
1113    0    0    0    0    0
1120    0    0    0    0    0
1121    0    0    0    0    0
1122    0    0    0    0    0
1123    0    0    0    0    0
1130    0    0    0    0    0
1131    0    0    0    0    0
1132    0    0    0    0    0
1133    0    0    0    0    0
1140    0    0    0    0    0
1141    0    0    0    0    0
1142    0    0    0    0    0
1143    0    0    0    0    0
1150    0    0    0    0    0
1151    0    0    0    0    0
1152    0    0    0    0    0
1153    0    0    0    0    0
1160    0    0    0    0    0
1161    0    0    0    0    0
1162    0    0    0    0    0
1163    0    0    0    0    0
1170    0    0    0    0    0
1171    0    0    0    0    0
1172    0    0    0    0    0
1173    0    0    0    0    0
1180    0    0    0    0    0
1181    0    0    0    0    0
1182    0    0    0    0    0
1183    0    0    0    0    0
1190    0    0    0    0    0
1191    0    0    0    0    0
1192    0    0    0    0    0
1193    0    0    0    0    0
1200    0    0    0    0    0
1201    0    0    0    0    0
1202    0    0    0    0    0
1203    0    0    0    0    0
1210    0    0    0    0    0
1211    0    0    0    0    0
1212    0    0    0    0    0
1213    0    0    0    0    0
1220    0    0    0    0    0
1221    0    0    0    0    0
1222    0    0    0    0    0
1223    0    0    0    0    0
1230    0    0    0    0    0
1231    0    0    0    0    0
1232    0    0    0    0    0
1233    0    0    0    0    0
1240    0    0    0    0    0
1241    0    0    0    0    0
1242    0    0    0    0    0
1243    0    0    0    0    0
1250    0    0    0    0    0
1251    0    0    0    0    0
1252    0    0    0    0    0
1253    0    0    0    0    0
1260    0    0    0    0    0
1261    0    0    0    0    0
1262    0    0    0    0    0
1263    0    0    0    0    0
1270    0    0    0    0    0
1271    0    0    0    0    0
1272    0    0    0    0    0
1273    0    0    0    0    0
1280    0    0    0    0    0
1281    0    0    0    0    0
1282    0    0    0    0    0
1283    0    0    0    0    0
1290    0    0    0    0    0
1291    0    0    0    0    0
1292    0    0    0    0    0
1293    0    0    0    0    0
1300    0    0    0    0    0
1301    0    0    0    0    0
1302    0    0    0    0    0
1303    0    0    0    0    0
1310    0    0    0    0    0
1311    0    0    0    0    0
1312    0    0    0    0    0
1313    0    0    0    0    0
1320    0    0    0    0    0
1321    0    0    0    0    0
1322    0    0    0    0    0
1323    0    0    0    0    0
1330    0    0    0    0    0
1331    0    0    0    0    0
1332    0    0    0    0    0
1333    0    0    0    0    0
1340    0    0    0    0    0
1341    0    0    0    0    0
1342    0    0    0    0    0
1343    0    0    0    0    0
1350    0    0    0    0    0
1351    0    0    0    0    0
1352    0    0    0    0    0
1353    0    0    0    0    0
1360    0    0    0    0    0
1361    0    0    0    0    0
1362    0    0    0    0    0
1363    0    0    0    0    0
1370    0    0    0    0    0
1371    0    0    0    0    0
1372    0    0    0    0    0
1373    0    0    0    0    0
1380    0    0    0    0    0
1381    0    0    0    0    0
1382    0    0    0    0    0
1383    0    0    0    0    0
1390    0    0    0    0    0
1391    0    0    0    0    0
1392    0    0    0    0    0
1393    0    0    0    0    0
1400    0    0    0    0    0
1401    0    0    0    0    0
1402    0    0    0    0    0
1403    0    0    0    0    0
1410    0    0    0    0    0
1411    0    0    0    0    0
1412    0    0    0    0    0
1413    0    0    0    0    0
1420    0    0    0    0    0
1421    0    0    0    0    0
1422    0    0    0    0    0
1423    0    0    0    0    0
1430    0    0    0    0    0
1431    0    0    0    0    0
1432    0    0    0    0    0
1433    0    0    0    0    0
1440    0    0    0    0    0
1441    0    0    0    0    0
1442    0    0    0    0    0
1443    0    0    0    0    0
1450    0    0    0    0    0
1451    0    0    0    0    0
1452    0    0    0    0    0
1453    0    0    0    0    0
1460    0    0    0    0    0
1461    0    0    0    0    0
1462    0    0    0    0    0
1463    0    0    0    0    0
1470    0    0    0    0    0
1471    0    0    0    0    0
1472    0    0    0    0    0
1473    0    0    0    0    0
1480    0    0    0    0    0
1481    0    0    0    0    0
1482    0    0    0    0    0
1483    0    0    0    0    0
1490    0    0    0    0    0
1491    0    0    0    0    0
1492    0    0    0    0    0
1493    0    0    0    0    0
1500    0    0    0    0    0
1501    0    0    0    0    0
1502    0    0    0    0    0
1503    0    0    0    0    0
1510    0    0    0    0    0
1511    0    0    0    0    0
1512    0    0    0    0    0
1513    0    0    0    0    0
1520    0    0    0    0    0
1521    0    0    0    0    0
1522    0    0    0    0    0
1523    0    0    0    0    0
1530    0    0    0    0    0
1531    0    0    0    0    0
1532    0    0    0    0    0
1533    0    0    0    0    0
1540    0    0    0    0    0
1541    0    0    0    0    0
1542    0    0    0    0    0
1543    0    0    0    0    0
1550    0    0    0    0    0
1551    0    0    0    0    0
1552    0    0    0    0    0
1553    0    0    0    0    0
1560    0    0    0    0    0
1561    0    0    0    0    0
1562    0    0    0    0    0
1563    0    0    0    0    0
1570    0    0    0    0    0
1571    0    0    0    0    0
1572    0    0    0    0    0
1573    0    0    0    0    0
1580    0    0    0    0    0
1581    0    0    0    0    0
1582    0    0    0    0    0
1583    0    0    0    0    0
1590    0    0    0    0    0
1591    0    0    0    0    0
1592    0    0    0    0    0
1593    0    0    0    0    0
2000    0    0    0    0    0
2001    0    0    0    0    0
2002    0    0    0    0    0
2003    0    0    0    0    0
2010    0    0    0    0    0
2011    0    0    0    0    0
2012    0    0    0    0    0
2013    0    0    0    0    0
2020    0    0    0    0    0
2021    0    0    0    0    0
2022    0    0    0    0    0
2023    0    0    0    0    0
2030    0    0    0    0    0
2031    0    0    0    0    0
2032    0    0    0    0    0
2033    0    0    0    0    0
2040    0    0    0    0    0
2041    0    0    0    0    0
2042    0    0    0    0    0
2043    0    0    0    0    0
2050    0    0    0    0    0
2051    0    0    0    0    0
2052    0    0    0    0    0
2053    0    0    0    0    0
2060    0    0    0    0    0
2061    0    0    0    0    0
2062    0    0    0    0    0
2063    0    0    0    0    0
2070    0    0    0    0    0
2071    0    0    0    0    0
2072    0    0    0    0    0
2073    0    0    0    0    0
2080    0    0    0    0    0
2081    0    0    0    0    0
2082    0    0    0    0    0
2083    0    0    0    0    0
2090    0    0    0    0    0
2091    0    0    0    0    0
2092    0    0    0    0    0
2093    0    0    0    0    0
2100    0    0    0    0    0
2101    0    0    0    0    0
2102    0    0    0    0    0
2103    0    0    0    0    0
2110    0    0    0    0    0
2111    0    0    0    0    0
2112    0    0    0    0    0
2113    0    0    0    0    0
2120    0    0    0    0    0
2121    0    0    0    0    0
2122    0    0    0    0    0
2123    0    0    0    0    0
2130    0    0    0    0    0
2131    0    0    0    0    0
2132    0    0    0    0    0
2133    0    0    0    0    0
2140    0    0    0    0    0
2141    0    0    0    0    0
2142    0    0    0    0    0
2143    0    0    0    0    0
2150    0    0    0    0    0
2151    0    0    0    0    0
2152    0    0    0    0    0
2153    0    0    0    0    0
2160    0    0    0    0    0
2161    0    0    0    0    0
2162    0    0    0    0    0
2163    0    0    0    0    0
2170    0    0    0    0    0
2171    0    0    0    0    0
2172    0    0    0    0    0
2173    0    0    0    0    0
2180    0    0    0    0    0
2181    0    0    0    0    0
2182    0    0    0    0    0
2183    0    0    0    0    0
2190    0    0    0    0    0
2191    0    0    0    0    0
2192    0    0    0    0    0
2193    0    0    0    0    0
2200    0    0    0    0    0
2201    0    0    0    0    0
2202    0    0    0    0    0
2203    0    0    0    0    0
2210    0    0    0    0    0
2211    0    0    0    0    0
2212    0    0    0    0    0
2213    0    0    0    0    0
2220    0    0    0    0    0
2221    0    0    0    0    0
2222    0    0    0    0    0
2223    0    0    0    0    0
2230    0    0    0    0    0
2231    0    0    0    0    0
2232    0    0    0    0    0
2233    0    0    0    0    0
2240    0    0    0    0    0
2241    0    0    0    0    0
2242    0    0    0    0    0
2243    0    0    0    0    0
2250    0    0    0    0    0
2251    0    0    0    0    0
2252    0    0    0    0    0
2253    0    0    0    0    0
2260    0    0    0    0    0
2261    0    0    0    0    0
2262    0    0    0    0    0
2263    0    0    0    0    0
2270    0    0    0    0    0
2271    0    0    0    0    0
2272    0    0    0    0    0
2273    0    0    0    0    0
2280    0    0    0    0    0
2281    0    0    0    0    0
2282    0    0    0    0    0
2283    0    0    0    0    0
2290    0    0    0    0    0
2291    0    0    0    0    0
2292    0    0    0    0    0
2293    0    0    0    0    0
2300    0    0    0    0    0
2301    0    0    0    0    0
2302    0    0    0    0    0
2303    0    0    0    0    0
2310    0    0    0    0    0
2311    0    0    0    0    0
2312    0    0    0    0    0
2313    0    0    0    0    0
2320    0    0    0    0    0
2321    0    0    0    0    0
2322    0    0    0    0    0
2323    0    0    0    0    0
2330    0    0    0    0    0
2331    0    0    0    0    0
2332    0    0    0    0    0
2333    0    0    0    0    0
2340    0    0    0    0    0
2341    0    0    0    0    0
2342    0    0    0    0    0
2343    0    0    0    0    0
2350    0    0    0    0    0
2351    0    0    0    0    0
2352    0    0    0    0    0
2353    0    0    0    0    0
2360    0    0    0    0    0
2361    0    0    0    0    0
2362    0    0    0    0    0
2363    0    0    0    0    0
2370    0    0    0    0    0
2371    0    0    0    0    0
2372    0    0    0    0    0
2373    0    0    0    0    0
2380    0    0    0    0    0
2381    0    0    0    0    0
2382    0    0    0    0    0
2383    0    0    0    0    0
2390    0    0    0    0    0
2391    0    0    0    0    0
2392    0    0    0    0    0
2393    0    0    0    0    0
2400    0    0    0    0    0
2401    0    0    0    0    0
2402    0    0    0    0    0
2403    0    0    0    0    0
2410    0    0    0    0    0
2411    0    0    0    0    0
2412    0    0    0    0    0
2413    0    0    0    0    0
2420    0    0    0    0    0
2421    0    0    0    0    0
2422    0    0    0    0    0
2423    0    0    0    0    0
2430    0    0    0    0    0
2431    0    0    0    0    0
2432    0    0    0    0    0
2433    0    0    0    0    0
2440    0    0    0    0    0
2441    0    0    0    0    0
2442    0    0    0    0    0
2443    0    0    0    0    0
2450    0    0    0    0    0
2451    0    0    0    0    0
2452    0    0    0    0    0
2453    0    0    0    0    0
2460    0    0    0    0    0
2461    0    0    0    0    0
2462    0    0    0    0    0
2463    0    0    0    0    0
2470    0    0    0    0    0
2471    0    0    0    0    0
2472    0    0    0    0    0
2473    0    0    0    0    0
2480    0    0    0    0    0
2481    0    0    0    0    0
2482    0    0    0    0    0
2483    0    0    0    0    0
2490    0    0    0    0    0
2491    0    0    0    0    0
2492    0    0    0    0    0
2493    0    0    0    0    0
2500    0    0    0    0    0
2501    0    0    0    0    0
2502    0    0    0    0    0
2503    0    0    0    0    0
2510    0    0    0    0    0
2511    0    0    0    0    0
2512    0    0    0    0    0
2513    0    0    0    0    0
2520    0    0    0    0    0
2521    0    0    0    0    0
2522    0    0    0    0    0
2523    0    0    0    0    0
2530    0    0    0    0    0
2531    0    0    0    0    0
2532    0    0    0    0    0
2533    0    0    0    0    0
2540    0    0    0    0    0
2541    0    0    0    0    0
2542    0    0    0    0    0
2543    0    0    0    0    0
2550    0    0    0    0    0
2551    0    0    0    0    0
2552    0    0    0    0    0
2553    0    0    0    0    0
2560    0    0    0    0    0
2561    0    0    0    0    0
2562    0    0    0    0    0
2563    0    0    0    0    0
2570    0    0    0    0    0
2571    0    0    0    0    0
2572    0    0    0    0    0
2573    0    0    0    0    0
2580    0    0    0    0    0
2581    0    0    0    0    0
2582    0    0    0    0    0
2583    0    0    0    0    0
2590    0    0    0    0    0
2591    0    0    0    0    0
2592    0    0    0    0    0
2593    0    0    0    0    0
3000    0    0    0    0    0
3001    0    0    0    0    0
3002    0    0    0    0    0
3003    0    0    0    0    0
3010    0    0    0    0    0
3011    0    0    0    0    0
3012    0    0    0    0    0
3013    0    0    0    0    0
3020    0    0    0    0    0
3021    0    0    0    0    0
3022    0    0    0    0    0
3023    0    0    0    0    0
3030    0    0    0    0    0
3031    0    0    0    0    0
3032    0    0    0    0    0
3033    0    0    0    0    0
3040    0    0    0    0    0
3041    0    0    0    0    0
3042    0    0    0    0    0
3043    0    0    0    0    0
3050    0    0    0    0    0
3051    0    0    0    0    0
3052    0    0    0    0    0
3053    0    0    0    0    0
3060    0    0    0    0    0
3061    0    0    0    0    0
3062    0    0    0    0    0
3063    0    0    0    0    0
3070    0    0    0    0    0
3071    0    0    0    0    0
3072    0    0    0    0    0
3073    0    0    0    0    0
3080    0    0    0    0    0
3081    0    0    0    0    0
3082    0    0    0    0    0
3083    0    0    0    0    0
3090    0    0    0    0    0
3091    0    0    0    0    0
3092    0    0    0    0    0
3093    0    0    0    0    0
3100    0    0    0    0    0
3101    0    0    0    0    0
3102    0    0    0    0    0
3103    0    0    0    0    0
3110    0    0    0    0    0
3111    0    0    0    0    0
3112    0    0    0    0    0
3113    0    0    0    0    0
3120    0    0    0    0    0
3121    0    0    0    0    0
3122    0    0    0    0    0
3123    0    0    0    0    0
3130    0    0    0    0    0
3131    0    0    0    0    0
3132    0    0    0    0    0
3133    0    0    0    0    0
3140    0    0    0    0    0
3141    0    0    0    0    0
3142    0    0    0    0    0
3143    0    0    0    0    0
3150    0    0    0    0    0
3151    0    0    0    0    0
3152    0    0    0    0    0
3153    0    0    0    0    0
3160    0    0    0    0    0
3161    0    0    0    0    0
3162    0    0    0    0    0
3163    0    0    0    0    0
3170    0    0    0    0    0
3171    0    0    0    0    0
3172    0    0    0    0    0
3173    0    0    0    0    0
3180    0    0    0    0    0
3181    0    0    0    0    0
3182    0    0    0    0    0
3183    0    0    0    0    0
3190    0    0    0    0    0
3191    0    0    0    0    0
3192    0    0    0    0    0
3193    0    0    0    0    0
3200    0    0    0    0    0
3201    0    0    0    0    0
3202    0    0    0    0    0
3203    0    0    0    0    0
3210    0    0    0    0    0
3211    0    0    0    0    0
3212    0    0    0    0    0
3213    0    0    0    0    0
3220    0    0    0    0    0
3221    0    0    0    0    0
3222    0    0    0    0    0
3223    0    0    0    0    0
3230    0    0    0    0    0
3231    0    0    0    0    0
3232    0    0    0    0    0
3233    0    0    0    0    0
3240    0    0    0    0    0
3241    0    0    0    0    0
3242    0    0    0    0    0
3243    0    0    0    0    0
3250    0    0    0    0    0
3251    0    0    0    0    0
3252    0    0    0    0    0
3253    0    0    0    0    0
3260    0    0    0    0    0
3261    0    0    0    0    0
3262    0    0    0    0    0
3263    0    0    0    0    0
3270    0    0    0    0    0
3271    0    0    0    0    0
3272    0    0    0    0    0
3273    0    0    0    0    0
3280    0    0    0    0    0
3281    0    0    0    0    0
3282    0    0    0    0    0
3283    0    0    0    0    0
3290    0    0    0    0    0
3291    0    0    0    0    0
3292    0    0    0    0    0
3293    0    0    0    0    0
3300    0    0    0    0    0
3301    0    0    0    0    0
3302    0    0    0    0    0
3303    0    0    0    0    0
3310    0    0    0    0    0
3311    0    0    0    0    0
3312    0    0    0    0    0
3313    0    0    0    0    0
3320    0    0    0    0    0
3321    0    0    0    0    0
3322    0    0    0    0    0
3323    0    0    0    0    0
3330    0    0    0    0    0
3331    0    0    0    0    0
3332    0    0    0    0    0
3333    0    0    0    0    0
3340    0    0    0    0    0
3341    0    0    0    0    0
3342    0    0    0    0    0
3343    0    0    0    0    0
3350    0    0    0    0    0
3351    0    0    0    0    0
3352    0    0    0    0    0
3353    0    0    0    0    0
3360    0    0    0    0    0
3361    0    0    0    0    0
3362    0    0    0    0    0
3363    0    0    0    0    0
3370    0    0    0    0    0
3371    0    0    0    0    0
3372    0    0    0    0    0
3373    0    0    0    0    0
3380    0    0    0    0    0
3381    0    0    0    0    0
3382    0    0    0    0    0
3383    0    0    0    0    0
3390    0    0    0    0    0
3391    0    0    0    0    0
3392    0    0    0    0    0
3393    0    0    0    0    0
3400    0    0    0    0    0
3401    0    0    0    0    0
3402    0    0    0    0    0
3403    0    0    0    0    0
3410    0    0    0    0    0
3411    0    0    0    0    0
3412    0    0    0    0    0
3413    0    0    0    0    0
3420    0    0    0    0    0
3421    0    0    0    0    0
3422    0    0    0    0    0
3423    0    0    0    0    0
3430    0    0    0    0    0
3431    0    0    0    0    0
3432    0    0    0    0    0
3433    0    0    0    0    0
3440    0    0    0    0    0
3441    0    0    0    0    0
3442    0    0    0    0    0
3443    0    0    0    0    0
3450    0    0    0    0    0
3451    0    0    0    0    0
3452    0    0    0    0    0
3453    0    0    0    0    0
3460    0    0    0    0    0
3461    0    0    0    0    0
3462    0    0    0    0    0
3463    0    0    0    0    0
3470    0    0    0    0    0
3471    0    0    0    0    0
3472    0    0    0    0    0
3473    0    0    0    0    0
3480    0    0    0    0    0
3481    0    0    0    0    0
3482    0    0    0    0    0
3483    0    0    0    0    0
3490    0    0    0    0    0
3491    0    0    0    0    0
3492    0    0    0    0    0
3493    0    0    0    0    0
3500    0    0    0    0    0
3501    0    0    0    0    0
3502    0    0    0    0    0
3503    0    0    0    0    0
3510    0    0    0    0    0
3511    0    0    0    0    0
3512    0    0    0    0    0
3513    0    0    0    0    0
3520    0    0    0    0    0
3521    0    0    0    0    0
3522    0    0    0    0    0
3523    0    0    0    0    0
3530    0    0    0    0    0
3531    0    0    0    0    0
3532    0    0    0    0    0
3533    0    0    0    0    0
3540    0    0    0    0    0
3541    0    0    0    0    0
3542    0    0    0    0    0
3543    0    0    0    0    0
3550    0    0    0    0    0
3551    0    0    0    0    0
3552    0    0    0    0    0
3553    0    0    0    0    0
3560    0    0    0    0    0
3561    0    0    0    0    0
3562    0    0    0    0    0
3563    0    0    0    0    0
3570    0    0    0    0    0
3571    0    0    0    0    0
3572    0    0    0    0    0
3573    0    0    0    0    0
3580    0    0    0    0    0
3581    0    0    0    0    0
3582    0    0    0    0    0
3583    0    0    0    0    0
3590    0    0    0    0    0
3591    0    0    0    0    0
3592    0    0    0    0    0
3593    0    0    0    0    0
4000    0    0    0    0    0
4001    0    0    0    0    0
4002    0    0    0    0    0
4003    0    0    0    0    0
4010    0    0    0    0    0
4011    0    0    0    0    0
4012    0    0    0    0    0
4013    0    0    0    0    0
4020    0    0    0    0    0
4021    0    0    0    0    0
4022    0    0    0    0    0
4023    0    0    0    0    0
4030    0    0    0    0    0
4031    0    0    0    0    0
4032    0    0    0    0    0
4033    0    0    0    0    0
4040    0    0    0    0    0
4041    0    0    0    0    0
4042    0    0    0    0    0
4043    0    0    0    0    0
4050    0    0    0    0    0
4051    0    0    0    0    0
4052    0    0    0    0    0
4053    0    0    0    0    0
4060    0    0    0    0    0
4061    0    0    0    0    0
4062    0    0    0    0    0
4063    0    0    0    0    0
4070    0    0    0    0    0
4071    0    0    0    0    0
4072    0    0    0    0    0
4073    0    0    0    0    0
4080    0    0    0    0    0
4081    0    0    0    0    0
4082    0    0    0    0    0
4083    0    0    0    0    0
4090    0    0    0    0    0
4091    0    0    0    0    0
4092    0    0    0    0    0
4093    0    0    0    0    0
4100    0    0    0    0    0
4101    0    0    0    0    0
4102    0    0    0    0    0
4103    0    0    0    0    0
4110    0    0    0    0    0
4111    0    0    0    0    0
4112    0    0    0    0    0
4113    0    0    0    0    0
4120    0    0    0    0    0
4121    0    0    0    0    0
4122    0    0    0    0    0
4123    0    0    0    0    0
4130    0    0    0    0    0
4131    0    0    0    0    0
4132    0    0    0    0    0
4133    0    0    0    0    0
4140    0    0    0    0    0
4141    0    0    0    0    0
4142    0    0    0    0    0
4143    0    0    0    0    0
4150    0    0    0    0    0
4151    0    0    0    0    0
4152    0    0    0    0    0
4153    0    0    0    0    0
4160    0    0    0    0    0
4161    0    0    0    0    0
4162    0    0    0    0    0
4163    0    0    0    0    0
4170    0    0    0    0    0
4171    0    0    0    0    0
4172    0    0    0    0    0
4173    0    0    0    0    0
4180    0    0    0    0    0
4181    0    0    0    0    0
4182    0    0    0    0    0
4183    0    0    0    0    0
4190    0    0    0    0    0
4191    0    0    0    0    0
4192    0    0    0    0    0
4193    0    0    0    0    0
4200    0    0    0    0    0
4201    0    0    0    0    0
4202    0    0    0    0    0
4203    0    0    0    0    0
4210    0    0    0    0    0
4211    0    0    0    0    0
4212    0    0    0    0    0
4213    0    0    0    0    0
4220    0    0    0    0    0
4221    0    0    0    0    0
4222    0    0    0    0    0
4223    0    0    0    0    0
4230    0    0    0    0    0
4231    0    0    0    0    0
4232    0    0    0    0    0
4233    0    0    0    0    0
4240    0    0    0    0    0
4241    0    0    0    0    0
4242    0    0    0    0    0
4243    0    0    0    0    0
4250    0    0    0    0    0
4251    0    0    0    0    0
4252    0    0    0    0    0
4253    0    0    0    0    0
4260    0    0    0    0    0
4261    0    0    0    0    0
4262    0    0    0    0    0
4263    0    0    0    0    0
4270    0    0    0    0    0
4271    0    0    0    0    0
4272    0    0    0    0    0
4273    0    0    0    0    0
4280    0    0    0    0    0
4281    0    0    0    0    0
4282    0    0    0    0    0
4283    0    0    0    0    0
4290    0    0    0    0    0
4291    0    0    0    0    0
4292    0    0    0    0    0
4293    0    0    0    0    0
4300    0    0    0    0    0
4301    0    0    0    0    0
4302    0    0    0    0    0
4303    0    0    0    0    0
4310    0    0    0    0    0
4311    0    0    0    0    0
4312    0    0    0    0    0
4313    0    0    0    0    0
4320    0    0    0    0    0
4321    0    0    0    0    0
4322    0    0    0    0    0
4323    0    0    0    0    0
4330    0    0    0    0    0
4331    0    0    0    0    0
4332    0    0    0    0    0
4333    0    0    0    0    0
4340    0    0    0    0    0
4341    0    0    0    0    0
4342    0    0    0    0    0
4343    0    0    0    0    0
4350    0    0    0    0    0
4351    0    0    0    0    0
4352    0    0    0    0    0
4353    0    0    0    0    0
4360    0    0    0    0    0
4361    0    0    0    0    0
4362    0    0    0    0    0
4363    0    0    0    0    0
4370    0    0    0    0    0
4371    0    0    0    0    0
4372    0    0    0    0    0
4373    0    0    0    0    0
4380    0    0    0    0    0
4381    0    0    0    0    0
4382    0    0    0    0    0
4383    0    0    0    0    0
4390    0    0    0    0    0
4391    0    0    0    0    0
4392    0    0    0    0    0
4393    0    0    0    0    0
4400    0    0    0    0    0
4401    0    0    0    0    0
4402    0    0    0    0    0
4403    0    0    0    0    0
4410    0    0    0    0    0
4411    0    0    0    0    0
4412    0    0    0    0    0
4413    0    0    0    0    0
4420    0    0    0    0    0
4421    0    0    0    0    0
4422    0    0    0    0    0
4423    0    0    0    0    0
4430    0    0    0    0    0
4431    0    0    0    0    0
4432    0    0    0    0    0
4433    0    0    0    0    0
4440    0    0    0    0    0
4441    0    0    0    0    0
4442    0    0    0    0    0
4443    0    0    0    0    0
4450    0    0    0    0    0
4451    0    0    0    0    0
4452    0    0    0    0    0
4453    0    0    0    0    0
4460    0    0    0    0    0
4461    0    0    0    0    0
4462    0    0    0    0    0
4463    0    0    0    0    0
4470    0    0    0    0    0
4471    0    0    0    0    0
4472    0    0    0    0    0
4473    0    0    0    0    0
4480    0    0    0    0    0
4481    0    0    0    0    0
4482    0    0    0    0    0
4483    0    0    0    0    0
4490    0    0    0    0    0
4491    0    0    0    0    0
4492    0    0    0    0    0
4493    0    0    0    0    0
4500    0    0    0    0    0
4501    0    0    0    0    0
4502    0    0    0    0    0
4503    0    0    0    0    0
4510    0    0    0    0    0
4511    0    0    0    0    0
4512    0    0    0    0    0
4513    0    0    0    0    0
4520    0    0    0    0    0
4521    0    0    0    0    0
4522    0    0    0    0    0
4523    0    0    0    0    0
4530    0    0    0    0    0
4531    0    0    0    0    0
4532    0    0    0    0    0
4533    0    0    0    0    0
4540    0    0    0    0    0
4541    0    0    0    0    0
4542    0    0    0    0    0
4543    0    0    0    0    0
4550    0    0    0    0    0
4551    0    0    0    0    0
4552    0    0    0    0    0
4553    0    0    0    0    0
4560    0    0    0    0    0
4561    0    0    0    0    0
4562    0    0    0    0    0
4563    0    0    0    0    0
4570    0    0    0    0    0
4571    0    0    0    0    0
4572    0    0    0    0    0
4573    0    0    0    0    0
4580    0    0    0    0    0
4581    0    0    0    0    0
4582    0    0    0    0    0
4583    0    0    0    0    0
4590    0    0    0    0    0
4591    0    0    0    0    0
4592    0    0    0    0    0
4593    0    0    0    0    0
5000    0    0    0    0    0
5001    0    0    0    0    0
5002    0    0    0    0    0
5003    0    0    0    0    0
5010    0    0    0    0    0
5011    0    0    0    0    0
5012    0    0    0    0    0
5013    0    0    0    0    0
5020    0    0    0    0    0
5021    0    0    0    0    0
5022    0    0    0    0    0
5023    0    0    0    0    0
5030    0    0    0    0    0
5031    0    0    0    0    0
5032    0    0    0    0    0
5033    0    0    0    0    0
5040    0    0    0    0    0
5041    0    0    0    0    0
5042    0    0    0    0    0
5043    0    0    0    0    0
5050    0    0    0    0    0
5051    0    0    0    0    0
5052    0    0    0    0    0
5053    0    0    0    0    0
5060    0    0    0    0    0
5061    0    0    0    0    0
5062    0    0    0    0    0
5063    0    0    0    0    0
5070    0    0    0    0    0
5071    0    0    0    0    0
5072    0    0    0    0    0
5073    0    0    0    0    0
5080    0    0    0    0    0
5081    0    0    0    0    0
5082    0    0    0    0    0
5083    0    0    0    0    0
5090    0    0    0    0    0
5091    0    0    0    0    0
5092    0    0    0    0    0
5093    0    0    0    0    0
5100    0    0    0    0    0
5101    0    0    0    0    0
5102    0    0    0    0    0
5103    0    0    0    0    0
5110    0    0    0    0    0
5111    0    0    0    0    0
5112    0    0    0    0    0
5113    0    0    0    0    0
5120    0    0    0    0    0
5121    0    0    0    0    0
5122    0    0    0    0    0
5123    0    0    0    0    0
5130    0    0    0    0    0
5131    0    0    0    0    0
5132    0    0    0    0    0
5133    0    0    0    0    0
5140    0    0    0    0    0
5141    0    0    0    0    0
5142    0    0    0    0    0
5143    0    0    0    0    0
5150    0    0    0    0    0
5151    0    0    0    0    0
5152    0    0    0    0    0
5153    0    0    0    0    0
5160    0    0    0    0    0
5161    0    0    0    0    0
5162    0    0    0    0    0
5163    0    0    0    0    0
5170    0    0    0    0    0
5171    0    0    0    0    0
5172    0    0    0    0    0
5173    0    0    0    0    0
5180    0    0    0    0    0
5181    0    0    0    0    0
5182    0    0    0    0    0
5183    0    0    0    0    0
5190    0    0    0    0    0
5191    0    0    0    0    0
5192    0    0    0    0    0
5193    0    0    0    0    0
5200    0    0    0    0    0
5201    0    0    0    0    0
5202    0    0    0    0    0
5203    0    0    0    0    0
5210    0    0    0    0    0
5211    0    0    0    0    0
5212    0    0    0    0    0
5213    0    0    0    0    0
5220    0    0    0    0    0
5221    0    0    0    0    0
5222    0    0    0    0    0
5223    0    0    0    0    0
5230    0    0    0    0    0
5231    0    0    0    0    0
5232    0    0    0    0    0
5233    0    0    0    0    0
5240    0    0    0    0    0
5241    0    0    0    0    0
5242    0    0    0    0    0
5243    0    0    0    0    0
5250    0    0    0    0    0
5251    0    0    0    0    0
5252    0    0    0    0    0
5253    0    0    0    0    0
5260    0    0    0    0    0
5261    0    0    0    0    0
5262    0    0    0    0    0
5263    0    0    0    0    0
5270    0    0    0    0    0
5271    0    0    0    0    0
5272    0    0    0    0    0
5273    0    0    0    0    0
5280    0    0    0    0    0
5281    0    0    0    0    0
5282    0    0    0    0    0
5283    0    0    0    0    0
5290    0    0    0    0    0
5291    0    0    0    0    0
5292    0    0    0    0    0
5293    0    0    0    0    0
5300    0    0    0    0    0
5301    0    0    0    0    0
5302    0    0    0    0    0
5303    0    0    0    0    0
5310    0    0    0    0    0
5311    0    0    0    0    0
5312    0    0    0    0    0
5313    0    0    0    0    0
5320    0    0    0    0    0
5321    0    0    0    0    0
5322    0    0    0    0    0
5323    0    0    0    0    0
5330    0    0    0    0    0
5331    0    0    0    0    0
5332    0    0    0    0    0
5333    0    0    0    0    0
5340    0    0    0    0    0
5341    0    0    0    0    0
5342    0    0    0    0    0
5343    0    0    0    0    0
5350    0    0    0    0    0
5351    0    0    0    0    0
5352    0    0    0    0    0
5353    0    0    0    0    0
5360    0    0    0    0    0
5361    0    0    0    0    0
5362    0    0    0    0    0
5363    0    0    0    0    0
5370    0    0    0    0    0
5371    0    0    0    0    0
5372    0    0    0    0    0
5373    0    0    0    0    0
5380    0    0    0    0    0
5381    0    0    0    0    0
5382    0    0    0    0    0
5383    0    0    0    0    0
5390    0    0    0    0    0
5391    0    0    0    0    0
5392    0    0    0    0    0
5393    0    0    0    0    0
5400    0    0    0    0    0
5401    0    0    0    0    0
5402    0    0    0    0    0
5403    0    0    0    0    0
5410    0    0    0    0    0
5411    0    0    0    0    0
5412    0    0    0    0    0
5413    0    0    0    0    0
5420    0    0    0    0    0
5421    0    0    0    0    0
5422    0    0    0    0    0
5423    0    0    0    0    0
5430    0    0    0    0    0
5431    0    0    0    0    0
5432    0    0    0    0    0
5433    0    0    0    0    0
5440    0    0    0    0    0
5441    0    0    0    0    0
5442    0    0    0    0    0
5443    0    0    0    0    0
5450    0    0    0    0    0
5451    0    0    0    0    0
5452    0    0    0    0    0
5453    0    0    0    0    0
5460    0    0    0    0    0
5461    0    0    0    0    0
5462    0    0    0    0    0
5463    0    0    0    0    0
5470    0    0    0    0    0
5471    0    0    0    0    0
5472    0    0    0    0    0
5473    0    0    0    0    0
5480    0    0    0    0    0
5481    0    0    0    0    0
5482    0    0    0    0    0
5483    0    0    0    0    0
5490    0    0    0    0    0
5491    0    0    0    0    0
5492    0    0    0    0    0
5493    0    0    0    0    0
5500    0    0    0    0    0
5501    0    0    0    0    0
5502    0    0    0    0    0
5503    0    0    0    0    0
5510    0    0    0    0    0
5511    0    0    0    0    0
5512    0    0    0    0    0
5513    0    0    0    0    0
5520    0    0    0    0    0
5521    0    0    0    0    0
5522    0    0    0    0    0
5523    0    0    0    0    0
5530    0    0    0    0    0
5531    0    0    0    0    0
5532    0    0    0    0    0
5533    0    0    0    0    0
5540    0    0    0    0    0
5541    0    0    0    0    0
5542    0    0    0    0    0
5543    0    0    0    0    0
5550    0    0    0    0    0
5551    0    0    0    0    0
5552    0    0    0    0    0
5553    0    0    0    0    0
5560    0    0    0    0    0
5561    0    0    0    0    0
5562    0    0    0    0    0
5563    0    0    0    0    0
5570    0    0    0    0    0
5571    0    0    0    0    0
5572    0    0    0    0    0
5573    0    0    0    0    0
5580    0    0    0    0    0
5581    0    0    0    0    0
5582    0    0    0    0    0
5583    0    0    0    0    0
5590    0    0    0    0    0
5591    0    0    0    0    0
5592    0    0    0    0    0
5593    0    0    0    0    0
6000    0    0    0    0    0
6001    0    0    0    0    0
6002    0    0    0    0    0
6003    0    0    0    0    0
6010    0    0    0    0    0
6011    0    0    0    0    0
6012    0    0    0    0    0
6013    0    0    0    0    0
6020    0    0    0    0    0
6021    0    0    0    0    0
6022    0    0    0    0    0
6023    0    0    0    0    0
6030    0    0    0    0    0
6031    0    0    0    0    0
6032    0    0    0    0    0
6033    0    0    0    0    0
6040    0    0    0    0    0
6041    0    0    0    0    0
6042    0    0    0    0    0
6043    0    0    0    0    0
6050    0    0    0    0    0
6051    0    0    0    0    0
6052    0    0    0    0    0
6053    0    0    0    0    0
6060    0    0    0    0    0
6061    0    0    0    0    0
6062    0    0    0    0    0
6063    0    0    0    0    0
6070    0    0    0    0    0
6071    0    0    0    0    0
6072    0    0    0    0    0
6073    0    0    0    0    0
6080    0    0    0    0    0
6081    0    0    0    0    0
6082    0    0    0    0    0
6083    0    0    0    0    0
6090    0    0    0    0    0
6091    0    0    0    0    0
6092    0    0    0    0    0
6093    0    0    0    0    0
6100    0    0    0    0    0
6101    0    0    0    0    0
6102    0    0    0    0    0
6103    0    0    0    0    0
6110    0    0    0    0    0
6111    0    0    0    0    0
6112    0    0    0    0    0
6113    0    0    0    0    0
6120    0    0    0    0    0
6121    0    0    0    0    0
6122    0    0    0    0    0
6123    0    0    0    0    0
6130    0    0    0    0    0
6131    0    0    0    0    0
6132    0    0    0    0    0
6133    0    0    0    0    0
6140    0    0    0    0    0
6141    0    0    0    0    0
6142    0    0    0    0    0
6143    0    0    0    0    0
6150    0    0    0    0    0
6151    0    0    0    0    0
6152    0    0    0    0    0
6153    0    0    0    0    0
6160    0    0    0    0    0
6161    0    0    0    0    0
6162    0    0    0    0    0
6163    0    0    0    0    0
6170    0    0    0    0    0
6171    0    0    0    0    0
6172    0    0    0    0    0
6173    0    0    0    0    0
6180    0    0    0    0    0
6181    0    0    0    0    0
6182    0    0    0    0    0
6183    0    0    0    0    0
6190    0    0    0    0    0
6191    0    0    0    0    0
6192    0    0    0    0    0
6193    0    0    0    0    0
6200    0    0    0    0    0
6201    0    0    0    0    0
6202    0    0    0    0    0
6203    0    0    0    0    0
6210    0    0    0    0    0
6211    0    0    0    0    0
6212    0    0    0    0    0
6213    0    0    0    0    0
6220    0    0    0    0    0
6221    0    0    0    0    0
6222    0    0    0    0    0
6223    0    0    0    0    0
6230    0    0    0    0    0
6231    0    0    0    0    0
6232    0    0    0    0    0
6233    0    0    0    0    0
6240    0    0    0    0    0
6241    0    0    0    0    0
6242    0    0    0    0    0
6243    0    0    0    0    0
6250    0    0    0    0    0
6251    0    0    0    0    0
6252    0    0    0    0    0
6253    0    0    0    0    0
6260    0    0    0    0    0
6261    0    0    0    0    0
6262    0    0    0    0    0
6263    0    0    0    0    0
6270    0    0    0    0    0
6271    0    0    0    0    0
6272    0    0    0    0    0
6273    0    0    0    0    0
6280    0    0    0    0    0
6281    0    0    0    0    0
6282    0    0    0    0    0
6283    0    0    0    0    0
6290    0    0    0    0    0
6291    0    0    0    0    0
6292    0    0    0    0    0
6293    0    0    0    0    0
6300    0    0    0    0    0
6301    0    0    0    0    0
6302    0    0    0    0    0
6303    0    0    0    0    0
6310    0    0    0    0    0
6311    0    0    0    0    0
6312    0    0    0    0    0
6313    0    0    0    0    0
6320    0    0    0    0    0
6321    0    0    0    0    0
6322    0    0    0    0    0
6323    0    0    0    0    0
6330    0    0    0    0    0
6331    0    0    0    0    0
6332    0    0    0    0    0
6333    0    0    0    0    0
6340    0    0    0    0    0
6341    0    0    0    0    0
6342    0    0    0    0    0
6343    0    0    0    0    0
6350    0    0    0    0    0
6351    0    0    0    0    0
6352    0    0    0    0    0
6353    0    0    0    0    0
6360    0    0    0    0    0
6361    0    0    0    0    0
6362    0    0    0    0    0
6363    0    0    0    0    0
6370    0    0    0    0    0
6371    0    0    0    0    0
6372    0    0    0    0    0
6373    0    0    0    0    0
6380    0    0    0    0    0
6381    0    0    0    0    0
6382    0    0    0    0    0
6383    0    0    0    0    0
6390    0    0    0    0    0
6391    0    0    0    0    0
6392    0    0    0    0    0
6393    0    0    0    0    0
6400    0    0    0    0    0
6401    0    0    0    0    0
6402    0    0    0    0    0
6403    0    0    0    0    0
6410    0    0    0    0    0
6411    0    0    0    0    0
6412    0    0    0    0    0
6413    0    0    0    0    0
6420    0    0    0    0    0
6421    0    0    0    0    0
6422    0    0    0    0    0
6423    0    0    0    0    0
6430    0    0    0    0    0
6431    0    0    0    0    0
6432    0    0    0    0    0
6433    0    0    0    0    0
6440    0    0    0    0    0
6441    0    0    0    0    0
6442    0    0    0    0    0
6443    0    0    0    0    0
6450    0    0    0    0    0
6451    0    0    0    0    0
6452    0    0    0    0    0
6453    0    0    0    0    0
6460    0    0    0    0    0
6461    0    0    0    0    0
6462    0    0    0    0    0
6463    0    0    0    0    0
6470    0    0    0    0    0
6471    0    0    0    0    0
6472    0    0    0    0    0
6473    0    0    0    0    0
6480    0    0    0    0    0
6481    0    0    0    0    0
6482    0    0    0    0    0
6483    0    0    0    0    0
6490    0    0    0    0    0
6491    0    0    0    0    0
6492    0    0    0    0    0
6493    0    0    0    0    0
6500    0    0    0    0    0
6501    0    0    0    0    0
6502    0    0    0    0    0
6503    0    0    0    0    0
6510    0    0    0    0    0
6511    0    0    0    0    0
6512    0    0    0    0    0
6513    0    0    0    0    0
6520    0    0    0    0    0
6521    0    0    0    0    0
6522    0    0    0    0    0
6523    0    0    0    0    0
6530    0    0    0    0    0
6531    0    0    0    0    0
6532    0    0    0    0    0
6533    0    0    0    0    0
6540    0    0    0    0    0
6541    0    0    0    0    0
6542    0    0    0    0    0
6543    0    0    0    0    0
6550    0    0    0    0    0
6551    0    0    0    0    0
6552    0    0    0    0    0
6553    0    0    0    0    0
6560    0    0    0    0    0
6561    0    0    0    0    0
6562    0    0    0    0    0
6563    0    0    0    0    0
6570    0    0    0    0    0
6571    0    0    0    0    0
6572    0    0    0    0    0
6573    0    0    0    0    0
6580    0    0    0    0    0
6581    0    0    0    0    0
6582    0    0    0    0    0
6583    0    0    0    0    0
6590    0    0    0    0    0
6591    0    0    0    0    0
6592    0    0    0    0    0
6593    0    0    0    0    0
7000    0    0    0    0    0
7001    0    0    0    0    0
7002    0    0    0    0    0
7003    0    0    0    0    0
7010    0    0    0    0    0
7011    0    0    0    0    0
7012    0    0    0    0    0
7013    0    0    0    0    0
7020    0    0    0    0    0
7021    0    0    0    0    0
7022    0    0    0    0    0
7023    0    0    0    0    0
7030    0    0    0    0    0
7031    0    0    0    0    0
7032    0    0    0    0    0
7033    0    0    0    0    0
7040    0    0    0    0    0
7041    0    0    0    0    0
7042    0    0    0    0    0
7043    0    0    0    0    0
7050    0    0    0    0    0
7051    0    0    0    0    0
7052    0    0    0    0    0
7053    0    0    0    0    0
7060    0    0    0    0    0
7061    0    0    0    0    0
7062    0    0    0    0    0
7063    0    0    0    0    0
7070    0    0    0    0    0
7071    0    0    0    0    0
7072    0    0    0    0    0
7073    0    0    0    0    0
7080    0    0    0    0    0
7081    0    0    0    0    0
7082    0    0    0    0    0
7083    0    0    0    0    0
7090    0    0    0    0    0
7091    0    0    0    0    0
7092    0    0    0    0    0
7093    0    0    0    0    0
7100    0    0    0    0    0
7101    0    0    0    0    0
7102    0    0    0    0    0
7103    0    0    0    0    0
7110    0    0    0    0    0
7111    0    0    0    0    0
7112    0    0    0    0    0
7113    0    0    0    0    0
7120    0    0    0    0    0
7121    0    0    0    0    0
7122    0    0    0    0    0
7123    0    0    0    0    0
7130    0    0    0    0    0
7131    0    0    0    0    0
7132    0    0    0    0    0
7133    0    0    0    0    0
7140    0    0    0    0    0
7141    0    0    0    0    0
7142    0    0    0    0    0
7143    0    0    0    0    0
7150    0    0    0    0    0
7151    0    0    0    0    0
7152    0    0    0    0    0
7153    0    0    0    0    0
7160    0    0    0    0    0
7161    0    0    0    0    0
7162    0    0    0    0    0
7163    0    0    0    0    0
7170    0    0    0    0    0
7171    0    0    0    0    0
7172    0    0    0    0    0
7173    0    0    0    0    0
7180    0    0    0    0    0
7181    0    0    0    0    0
7182    0    0    0    0    0
7183    0    0    0    0    0
7190    0    0    0    0    0
7191    0    0    0    0    0
7192    0    0    0    0    0
7193    0    0    0    0    0
7200    0    0    0    0    0
7201    0    0    0    0    0
7202    0    0    0    0    0
7203    0    0    0    0    0
7210    0    0    0    0    0
7211    0    0    0    0    0
7212    0    0    0    0    0
7213    0    0    0    0    0
7220    0    0    0    0    0
7221    0    0    0    0    0
7222    0    0    0    0    0
7223    0    0    0    0    0
7230    0    0    0    0    0
7231    0    0    0    0    0
7232    0    0    0    0    0
7233    0    0    0    0    0
7240    0    0    0    0    0
7241    0    0    0    0    0
7242    0    0    0    0    0
7243    0    0    0    0    0
7250    0    0    0    0    0
7251    0    0    0    0    0
7252    0    0    0    0    0
7253    0    0    0    0    0
7260    0    0    0    0    0
7261    0    0    0    0    0
7262    0    0    0    0    0
7263    0    0    0    0    0
7270    0    0    0    0    0
7271    0    0    0    0    0
7272    0    0    0    0    0
7273    0    0    0    0    0
7280    0    0    0    0    0
7281    0    0    0    0    0
7282    0    0    0    0    0
7283    0    0    0    0    0
7290    0    0    0    0    0
7291    0    0    0    0    0
7292    0    0    0    0    0
7293    0    0    0    0    0
7300    0    0    0    0    0
7301    0    0    0    0    0
7302    0    0    0    0    0
7303    0    0    0    0    0
7310    0    0    0    0    0
7311    0    0    0    0    0
7312    0    0    0    0    0
7313    0    0    0    0    0
7320    0    0    0    0    0
7321    0    0    0    0    0
7322    0    0    0    0    0
7323    0    0    0    0    0
7330    0    0    0    0    0
7331    0    0    0    0    0
7332    0    0    0    0    0
7333    0    0    0    0    0
7340    0    0    0    0    0
7341    0    0    0    0    0
7342    0    0    0    0    0
7343    0    0    0    0    0
7350    0    0    0    0    0
7351    0    0    0    0    0
7352    0    0    0    0    0
7353    0    0    0    0    0
7360    0    0    0    0    0
7361    0    0    0    0    0
7362    0    0    0    0    0
7363    0    0    0    0    0
7370    0    0    0    0    0
7371    0    0    0    0    0
7372    0    0    0    0    0
7373    0    0    0    0    0
7380    0    0    0    0    0
7381    0    0    0    0    0
7382    0    0    0    0    0
7383    0    0    0    0    0
7390    0    0    0    0    0
7391    0    0    0    0    0
7392    0    0    0    0    0
7393    0    0    0    0    0
7400    0    0    0    0    0
7401    0    0    0    0    0
7402    0    0    0    0    0
7403    0    0    0    0    0
7410    0    0    0    0    0
7411    0    0    0    0    0
7412    0    0    0    0    0
7413    0    0    0    0    0
7420    0    0    0    0    0
7421    0    0    0    0    0
7422    0    0    0    0    0
7423    0    0    0    0    0
7430    0    0    0    0    0
7431    0    0    0    0    0
7432    0    0    0    0    0
7433    0    0    0    0    0
7440    0    0    0    0    0
7441    0    0    0    0    0
7442    0    0    0    0    0
7443    0    0    0    0    0
7450    0    0    0    0    0
7451    0    0    0    0    0
7452    0    0    0    0    0
7453    0    0    0    0    0
7460    0    0    0    0    0
7461    0    0    0    0    0
7462    0    0    0    0    0
7463    0    0    0    0    0
7470    0    0    0    0    0
7471    0    0    0    0    0
7472    0    0    0    0    0
7473    0    0    0    0    0
7480    0    0    0    0    0
7481    0    0    0    0    0
7482    0    0    0    0    0
7483    0    0    0    0    0
7490    0    0    0    0    0
7491    0    0    0    0    0
7492    0    0    0    0    0
7493    0    0    0    0    0
7500    0    0    0    0    0
7501    0    0    0    0    0
7502    0    0    0    0    0
7503    0    0    0    0    0
7510    0    0    0    0    0
7511    0    0    0    0    0
7512    0    0    0    0    0
7513    0    0    0    0    0
7520    0    0    0    0    0
7521    0    0    0    0    0
7522    0    0    0    0    0
7523    0    0    0    0    0
7530    0    0    0    0    0
7531    0    0    0    0    0
7532    0    0    0    0    0
7533    0    0    0    0    0
7540    0    0    0    0    0
7541    0    0    0    0    0
7542    0    0    0    0    0
7543    0    0    0    0    0
7550    0    0    0    0    0
7551    0    0    0    0    0
7552    0    0    0    0    0
7553    0    0    0    0    0
7560    0    0    0    0    0
7561    0    0    0    0    0
7562    0    0    0    0    0
7563    0    0    0    0    0
7570    0    0    0    0    0
7571    0    0    0    0    0
7572    0    0    0    0    0
7573    0    0    0    0    0
7580    0    0    0    0    0
7581    0    0    0    0    0
7582    0    0    0    0    0
7583    0    0    0    0    0
7590    0    0    0    0    0
7591    0    0    0    0    0
7592    0    0    0    0    0
7593    0    0    0    0    0
